L_Yaw,L_Pitch,L_Roll,R_Yaw,R_Pitch,R_Roll
95.55665,353.5703,353.6918,103.1903,354.6089,353.3111
95.55665,353.5703,353.6918,103.1903,354.6089,353.3111
95.48273,354.4206,353.6135,103.0918,355.4765,353.3562
95.43896,354.4212,353.6172,103.0597,355.4775,353.359
95.43896,354.4212,353.6172,103.0597,355.4775,353.359
95.86399,354.4635,353.5758,103.3204,355.5116,353.3384
95.86632,354.4651,353.5755,103.3226,355.5131,353.3382
95.92852,354.1913,353.5986,103.3569,355.23,353.3246
95.9285,354.1915,353.5986,103.3589,355.2304,353.3245
95.92852,354.1915,353.5986,103.3589,355.2304,353.3245
95.66298,354.4467,353.595,103.2877,355.5096,353.341
95.66297,354.4467,353.595,103.2877,355.5096,353.341
95.40987,354.4218,353.6197,103.0381,355.4783,353.3608
95.40987,354.4218,353.6197,103.0382,355.4783,353.3608
95.41008,354.4224,353.6196,103.2603,355.5052,353.3432
95.4101,354.4224,353.6196,103.2603,355.5052,353.3432
95.40047,354.4106,353.6217,102.8529,355.4458,353.3753
95.39447,354.7047,353.5914,103.2256,355.7923,353.3568
95.39447,354.7047,353.5914,103.2256,355.7923,353.3568
95.44834,354.128,353.647,102.8907,355.1553,353.361
95.44834,354.128,353.647,102.8907,355.1553,353.361
94.58675,354.0407,353.7322,102.4228,355.0921,353.3985
86.47207,347.307,355.196,93.56756,347.962,353.9295
86.47207,347.307,355.196,93.56756,347.962,353.9295
78.63022,341.2732,356.6561,86.47482,341.8304,354.3927
75.60399,338.9352,357.2495,84.69727,339.5367,354.468
75.60399,338.9352,357.2495,84.69727,339.5367,354.468
75.11598,338.911,357.3135,83.96157,339.487,354.5575
75.58783,339.5024,357.198,84.3995,340.0836,354.5403
75.58785,339.5024,357.198,84.39946,340.0836,354.5404
75.82323,339.5193,357.1668,84.40599,340.0886,354.5399
75.82323,339.5193,357.1668,84.40599,340.0886,354.5399
71.86118,337.0271,357.7159,79.87186,337.4991,354.799
70.66302,338.2274,357.6552,78.84496,338.6974,354.9046
70.10265,337.9782,357.7372,78.29971,338.4392,354.9471
69.6675,338.1703,357.7128,77.3979,338.5961,355.0445
69.02721,337.8784,357.8544,76.77477,338.2902,355.1417
68.03264,337.6035,357.9628,76.03706,338.0182,355.1661
67.44026,337.3965,358.0289,75.45718,337.8047,355.2001
65.94999,337.5656,358.263,74.1935,337.9529,355.416
65.56296,337.1069,358.3535,73.6069,337.4746,355.4798
64.96017,336.9341,358.3971,73.01464,337.2979,355.4966
65.46431,337.0546,358.05,73.80324,337.4819,355.1124
64.87401,336.9539,358.0901,73.21941,337.3782,355.1362
64.08893,339.0455,357.8173,72.05832,339.457,355.2714
65.1929,339.2895,357.3795,72.70586,339.724,354.9784
64.10638,339.1096,357.3143,71.62734,339.5537,354.8888
63.50953,340.4919,357.1816,71.20783,340.9586,354.9247
63.18831,340.4187,356.9958,71.16331,340.9399,354.6691
62.70346,340.3728,356.9493,70.68002,340.9005,354.6164
62.5365,339.9267,356.8512,70.29655,340.4503,354.5031
61.77251,339.8878,356.7002,69.53253,340.431,354.3484
61.93359,339.9006,356.5462,69.94569,340.4921,354.1408
61.4184,340.0324,356.3905,69.16747,340.6178,354.066
61.21511,340.0458,356.2956,68.96223,340.6416,353.9743
61.1833,340.3317,356.0478,68.91586,340.9579,353.775
61.06221,340.3189,356.0083,68.79474,340.9504,353.7342
60.9267,339.9894,355.9489,69.15812,340.6862,353.5142
61.12499,340.0033,355.8208,69.12305,340.6919,353.4425
61.10594,340.0099,355.7607,69.10268,340.7063,353.3843
61.36494,340.0562,355.6272,69.11515,340.7424,353.3142
61.4155,340.0981,355.5829,69.16304,340.7896,353.2766
61.75195,340.2383,355.5168,69.51099,340.9405,353.2276
61.79224,340.2942,355.5276,69.54885,340.9946,353.2461
62.57367,340.2704,355.3548,70.34314,340.9987,353.0681
62.73997,339.9448,355.3683,70.52164,340.6729,353.0286
62.79644,340.0071,355.4048,70.57571,340.7301,353.0735
62.68082,340.095,355.5219,70.68936,340.8289,353.1517
62.72552,340.1327,355.5497,70.73273,340.8626,353.1846
62.81015,340.4417,355.5672,70.79884,341.1664,353.2516
62.86372,340.4648,355.5789,70.38174,341.1321,353.3668
62.99329,340.4664,355.6469,70.51226,341.1253,353.4341
63.28785,340.7729,355.5967,71.51057,341.5226,353.2804
63.37205,340.7807,355.6198,71.5948,341.5271,353.3043
64.21049,341.4615,355.4805,71.92915,342.1696,353.3736
68.79255,342.0219,354.5312,76.10844,342.8272,352.6003
69.00327,342.0627,354.617,76.31908,342.8572,352.6905
71.47021,342.5431,354.1147,79.0436,343.4545,352.215
71.61237,343.412,354.1244,79.35484,344.3555,352.3197
71.7197,343.4018,354.1758,79.46357,344.3387,352.369
71.84155,343.3793,354.2108,79.58692,344.3119,352.4003
72.68822,343.3633,354.1354,80.4969,344.3205,352.3133
72.56586,343.3176,354.1848,80.3678,344.2655,352.3567
72.72739,343.5584,354.1547,80.51545,344.5113,352.3654
72.80183,343.5283,354.1593,80.59113,344.4809,352.3657
72.80183,343.5276,354.1593,80.59121,344.4801,352.3657
72.80155,343.5287,354.1593,80.33381,344.4449,352.4166
72.80167,343.5226,354.1599,80.33527,344.4388,352.416
72.80166,343.5226,354.1599,80.33523,344.4388,352.416
72.83223,343.5256,354.1533,80.32877,344.4377,352.4173
72.86174,343.2452,354.1745,80.65536,344.1938,352.3386
72.86174,343.2452,354.1745,80.65536,344.1938,352.3387
72.99113,343.5518,354.1179,80.82835,344.5183,352.3191
72.99113,343.5518,354.1179,80.82835,344.5183,352.3191
72.57897,343.5031,354.2078,80.82858,344.5128,352.3188
72.76836,343.5291,354.1661,80.59044,344.4853,352.3661
72.76836,343.5291,354.1661,80.59045,344.4853,352.3661
72.71052,344.0949,354.1225,80.25318,345.0229,352.4604
72.71052,344.0949,354.1225,80.25321,345.0228,352.4604
72.71037,344.0951,354.1225,80.00996,344.9891,352.5087
72.33321,343.4715,354.2618,79.87894,344.3723,352.5065
72.3332,343.4714,354.2618,79.87893,344.3723,352.5065
72.11954,343.4498,354.3083,79.87871,344.3726,352.5065
72.11234,343.4431,354.3105,79.87185,344.3656,352.5076
72.07788,343.446,354.3174,79.87865,344.373,352.5066
72.07787,343.446,354.3174,79.87866,344.373,352.5066
72.10577,343.1557,354.3399,79.93579,344.0814,352.4807
72.35058,343.1809,354.2866,79.68552,344.0462,352.5305
72.35059,343.1809,354.2866,79.68552,344.0462,352.5305
72.61897,343.0696,354.2417,79.95917,343.9418,352.469
72.61897,343.0696,354.2417,79.95919,343.9419,352.469
72.72575,342.3648,354.2876,80.08537,343.2266,352.4071
72.72507,342.3594,354.2883,80.08498,343.2209,352.4069
72.74661,342.3665,354.2831,80.10577,343.2305,352.4031
71.70348,342.5282,354.4847,79.52913,343.4257,352.5321
71.64523,343.1335,354.4381,79.43755,344.0374,352.5813
71.64522,343.1335,354.4381,79.43755,344.0374,352.5813
73.31087,343.2999,354.0766,81.11752,344.2672,352.2481
79.67746,343.9747,352.7479,87.322,345.1406,351.0768
83.98139,345.8901,353.438,91.5781,346.9508,352.019
88.17622,346.1912,352.9435,97.94076,347.6953,351.2937
89.18159,346.4712,353.0063,98.93784,347.9609,351.4038
93.78594,346.951,353.33,103.313,348.3439,351.8438
94.73255,347.0624,353.2007,104.6457,348.5483,351.6992
98.76363,347.8709,353.3955,108.6554,349.3112,352.0321
98.98833,349.0582,353.2576,108.5599,350.4838,352.1005
100.3525,349.2931,353.3345,109.9195,350.7037,352.2155
104.594,351.6079,353.3404,114.0313,353.0128,352.5807
104.594,351.6079,353.3404,114.0313,353.0128,352.5807
108.1258,352.4221,353.4128,117.5457,353.8094,352.7806
109.1809,352.5708,353.5114,118.6007,353.9401,352.9021
110.134,352.7165,353.6827,119.5556,354.056,353.0946
110.936,352.8547,353.8455,120.1107,354.1342,353.2931
112.5749,353.1688,354.0235,121.7488,354.4156,353.5187
112.9266,353.8801,354.2206,121.6267,355.0348,353.8391
113.1223,353.9733,354.3023,122.0419,355.1337,353.9188
114.3914,354.1443,354.3653,123.3102,355.293,354.0075
114.8258,352.2143,354.6416,123.3194,353.2431,354.0254
115.3849,352.2311,354.6989,123.8793,353.2513,354.0845
115.4381,352.1443,354.7451,124.3869,353.2031,354.0868
115.9763,351.8022,354.7197,124.9349,352.8631,354.0116
118.3329,350.7682,354.7001,127.143,351.8107,353.8582
118.3328,350.7682,354.7001,127.143,351.8107,353.8582
120.093,347.3748,354.957,128.9994,348.3416,353.6079
120.5492,347.4064,354.9667,129.4547,348.3714,353.6225
121.5043,346.3399,355.1851,130.4234,347.2551,353.6778
121.9218,346.3306,355.2267,130.8421,347.2394,353.7172
122.5668,347.199,355.2011,131.4371,348.1193,353.8232
123.0145,347.2001,355.2414,131.8208,348.1038,353.8669
123.3969,347.2259,355.2902,132.2032,348.1223,353.9187
123.7274,347.0949,355.3673,132.1178,347.9196,353.9962
124.1269,347.0396,355.353,132.5188,347.8669,353.9739
125.1785,346.2751,355.3409,133.4085,347.0676,353.8583
125.3743,346.2187,355.3174,133.7666,347.039,353.816
126.1591,346.1589,355.2756,134.5527,346.9857,353.7659
125.2961,346.0031,355.3892,133.7292,346.8185,353.846
125.7251,345.9691,355.3976,134.1595,346.7838,353.8492
126.2399,345.8083,355.4668,134.6425,346.6064,353.8938
125.8081,345.357,355.5787,133.9758,346.0987,353.9489
126.6892,345.2792,355.5923,134.8598,346.0198,353.9509
127.0785,345.247,355.6628,134.9905,345.9417,354.0347
127.5694,345.7344,355.7411,135.2499,346.3979,354.2027
127.9718,345.7236,355.7606,135.653,346.3847,354.2205
128.3517,345.7148,355.7907,136.0335,346.372,354.249
128.9719,345.7335,355.8795,136.6508,346.3789,354.3399
128.9837,345.99,355.8995,136.8749,346.6658,354.3812
129.8037,346.636,355.792,137.2467,347.2784,354.4064
130.0316,346.6206,355.7859,137.475,347.2646,354.398
129.7357,346.6028,355.8997,137.6181,347.2873,354.4731
129.7573,346.588,355.8988,137.6402,347.273,354.47
129.5786,346.5959,355.8909,137.1625,347.2433,354.4853
129.5524,346.0219,355.8991,137.0274,346.6429,354.4153
129.5123,346.004,355.8747,136.9875,346.6283,354.3887
128.987,345.8739,355.8024,136.6396,346.5305,354.2844
128.8611,345.8553,355.7784,136.514,346.5151,354.258
128.4789,345.7557,355.7717,136.164,346.4204,354.2342
128.4378,345.7267,355.744,136.1234,346.3952,354.2029
128.1976,344.8283,355.8129,136.112,345.5031,354.1169
128.1227,344.8026,355.8312,136.2769,345.5075,354.1121
128.0287,344.7897,355.8284,136.1833,345.4951,354.1074
128.8215,344.8851,355.6819,136.5493,345.5521,354.0139
128.8085,344.8951,355.6762,136.5358,345.5628,354.0098
128.7001,345.484,355.6395,136.395,346.1631,354.0647
128.2495,345.4147,355.6784,136.1298,346.1146,354.0769
128.2179,345.3977,355.6806,136.0989,346.0963,354.0768
128.2179,345.3969,355.6807,136.1028,346.096,354.0765
128.2179,345.3969,355.6807,136.1028,346.096,354.0765
128.0645,345.7874,355.7453,135.907,346.4833,354.2047
128.0277,345.7543,355.7331,135.8712,346.4521,354.188
127.9062,345.707,355.7338,135.7906,346.4104,354.1785
127.8444,345.9661,355.7159,135.5044,346.6473,354.2189
127.7326,346.0077,355.7059,135.3912,346.6898,354.2147
127.4781,346.0098,355.7124,135.1052,346.6865,354.2233
127.4207,346.0053,355.7035,135.0478,346.6833,354.2139
127.0898,345.9475,355.6659,134.7347,346.6324,354.1663
127.1187,345.9249,355.6043,134.7627,346.6176,354.1022
127.1193,345.9138,355.5781,134.7633,346.61,354.0748
127.1647,345.6369,355.5998,135.0509,346.3574,354.0339
127.1448,345.9075,355.5762,135.0173,346.634,354.0523
127.1448,345.9075,355.5762,135.0173,346.634,354.0523
127.1448,345.9075,355.5762,135.0173,346.634,354.0523
127.1444,345.9101,355.576,134.78,346.6054,354.0729
127.1444,345.9101,355.576,134.78,346.6054,354.0729
126.8617,346.1482,355.581,134.7225,346.8763,354.0931
126.8617,346.1482,355.5809,134.7226,346.8763,354.0931
127.1444,345.9091,355.5761,134.7575,346.6014,354.0748
127.1444,345.9091,355.5761,134.7575,346.6014,354.0748
127.1438,345.9276,355.5744,134.7544,346.6202,354.0762
127.1441,345.9239,355.5747,135.0028,346.649,354.0545
126.5224,345.8544,355.703,134.3852,346.5631,354.1714
126.7176,345.8692,355.6837,134.834,346.6143,354.1332
126.695,345.8658,355.6866,134.8116,346.6104,354.1356
126.553,346.1621,355.6934,134.431,346.8791,354.2069
126.5214,346.1634,355.7231,134.3999,346.8764,354.2364
126.3934,346.7294,355.7199,134.2462,347.4488,354.3197
126.2378,346.7519,355.7796,134.0909,347.4631,354.3818
125.4744,346.7952,355.9379,133.0867,347.455,354.5643
119.5044,344.9495,356.7193,127.0657,345.4694,355.0522
118.8317,345.0297,356.732,126.3904,345.5472,355.0757
111.044,343.0573,357.6977,118.502,343.4335,355.7326
102.8507,341.5022,358.5171,111.2092,341.8445,356.2036
100.3835,341.6601,358.3271,108.7327,342.0269,356.0402
98.24091,341.7263,358.3877,106.3365,342.0702,356.1359
93.68382,344.1083,358.1782,101.6397,344.4427,356.3047
92.07774,344.1711,358.0657,100.0302,344.52,356.2025
85.98594,349.3283,357.6837,94.41196,349.6687,356.5367
84.24008,349.3849,357.6024,92.66386,349.7364,356.4648
79.10787,349.3812,357.6177,87.74548,349.73,356.458
75.22855,348.8619,357.8278,83.82163,349.1669,356.5951
73.46253,348.8715,357.799,82.05514,349.1806,356.5681
69.99323,348.8943,357.7915,78.58514,349.2042,356.5641
68.34126,348.9072,357.7314,76.93234,349.2258,356.5068
65.62631,349.1707,357.6471,74.69379,349.5326,356.4153
66.58121,349.9325,357.3471,75.21893,350.3226,356.2719
65.10281,349.9778,357.3396,73.7393,350.3685,356.2713
64.45623,350.1818,357.1648,72.66887,350.5872,356.1677
63.15746,350.217,357.1884,71.36964,350.6166,356.196
64.11009,350.7776,356.8554,72.38392,351.2541,355.9446
63.11438,350.799,356.9148,71.38837,351.2668,356.0064
61.33199,351.8152,356.9089,69.57603,352.2708,356.1492
59.58214,356.4893,356.4539,67.7514,356.9417,356.3693
58.9701,356.6496,356.3649,67.13789,357.1093,356.3039
58.14288,357.0905,356.3616,66.30896,357.5461,356.3633
57.80561,357.2957,356.4254,65.97108,357.7402,356.4556
58.82896,357.7513,356.4226,67.03164,358.22,356.5173
59.7647,356.8932,356.5026,67.53799,357.3439,356.4997
59.36892,357.2777,356.6052,67.1408,357.711,356.6534
59.65742,357.4913,356.6307,67.20393,357.9098,356.7178
59.49525,357.7015,356.6523,67.04102,358.1153,356.7668
58.76331,358.0549,356.6382,66.75725,358.4927,356.7836
58.82005,3.408907,355.9832,66.33369,3.858975,356.9084
58.70388,3.538514,355.8269,66.21751,4.007867,356.7703
58.35304,3.50412,355.9543,66.59529,4.00603,356.8707
58.26407,3.444239,356.1041,66.50496,3.925254,357.0104
58.24997,3.381314,356.0513,66.48982,3.870547,356.9491
57.52938,2.987105,356.1421,66.1996,3.48602,356.9677
57.48584,3.025155,356.1953,66.15683,3.515612,357.0261
57.44719,3.2067,356.1803,65.90202,3.681521,357.0441
57.41557,3.339314,356.141,66.07765,3.833676,357.0188
57.3639,3.418464,356.1688,66.02687,3.906726,357.0582
58.64917,4.423635,356.0853,66.92933,4.917872,357.1323
58.54035,4.525252,356.06,66.82164,5.022056,357.1219
58.37276,4.735331,355.9736,66.656,5.242352,357.0668
58.31553,4.518573,355.9933,66.6021,5.024917,357.0556
58.22174,4.610113,355.9746,66.50938,5.118183,357.0504
57.62122,4.549204,355.9046,65.64592,5.040276,356.9752
57.52675,4.671506,355.8406,65.55251,5.17031,356.9288
57.84808,3.768037,355.9475,66.1405,4.287799,356.9057
57.75183,3.856525,355.9624,66.04537,4.373188,356.9333
57.99373,4.075172,355.9146,65.85334,4.574072,356.9179
57.89096,4.444284,355.8659,65.75141,4.946605,356.9216
57.73885,4.584477,355.8712,65.60103,5.084744,356.946
57.48267,4.610166,355.8448,65.53248,5.123193,356.9242
57.42314,4.654369,355.8113,65.47317,5.171671,356.8971
57.16566,4.189366,355.8269,65.19596,4.70307,356.8459
57.15142,4.243341,355.7975,65.18205,4.760625,356.8243
57.35804,4.075144,355.8027,65.41272,4.598834,356.806
57.63142,3.528468,355.8594,65.45094,4.036353,356.7822
57.63806,3.568412,355.8371,65.45779,4.078953,356.7655
58.11263,3.757811,355.7459,65.72327,4.271883,356.6984
58.13208,3.851399,355.6983,65.7433,4.370924,356.6637
58.16889,3.543539,355.63,65.78287,4.074294,356.551
58.14124,4.025414,355.5127,65.95608,4.583942,356.5071
58.35362,3.875081,355.4432,66.41964,4.467129,356.4226
58.34024,3.956086,355.4245,66.40704,4.549966,356.4154
58.31373,4.150222,355.3257,66.3655,4.755054,356.3445
58.30777,4.243093,355.2512,66.35991,4.857433,356.2837
58.32885,4.053168,355.2094,66.38154,4.674734,356.2151
58.35264,4.228345,355.1513,66.40678,4.85626,356.1823
58.40961,3.735206,355.1855,66.45909,4.361826,356.1459
58.89759,3.337537,355.1712,66.76096,3.960416,356.0682
58.92918,3.411646,355.1419,66.79298,4.037859,356.0493
59.29379,2.995339,355.1859,66.90599,3.60137,356.0224
59.32844,3.03628,355.1742,66.94085,3.643519,356.0161
60.06901,2.849167,355.2041,67.46869,3.446507,356.0098
60.12185,2.583049,355.2198,67.52187,3.179607,355.9873
60.15926,2.597317,355.2008,67.55915,3.196162,355.9704
60.00418,1.986722,355.2581,67.60863,2.595051,355.9499
60.00416,1.986722,355.2581,67.60863,2.595051,355.9499
60.03529,1.570374,355.3029,68.10877,2.213706,355.9576
60.03529,1.570377,355.3029,68.10881,2.2137,355.9576
60.03529,1.570377,355.3029,68.10877,2.213706,355.9576
60.43455,2.305649,355.2437,68.2664,2.939497,355.9926
60.43459,2.305647,355.2437,68.2664,2.939497,355.9926
59.94334,2.572278,355.194,67.56108,3.186871,355.9701
59.94333,2.57228,355.194,67.56107,3.186863,355.9701
60.2014,2.590997,355.2033,68.02761,3.225271,355.9925
59.96247,2.277256,355.2259,67.58545,2.889571,355.9601
60.22032,2.296091,355.2352,68.04369,2.92734,355.982
60.22032,2.296091,355.2352,68.04366,2.927329,355.982
60.18871,2.308514,355.2325,68.04111,2.942002,355.9825
60.18871,2.308514,355.2325,68.0411,2.941998,355.9825
60.41616,2.325045,355.2408,68.04297,2.942159,355.9825
60.41616,2.325042,355.2408,68.04297,2.942159,355.9825
60.18935,2.291509,355.2343,68.04224,2.924881,355.9818
60.22163,2.016437,355.2646,67.84001,2.628048,355.9615
60.22161,2.016436,355.2646,67.84,2.628048,355.9615
59.32433,1.948521,355.2327,67.15271,2.569407,355.9288
59.32433,1.948521,355.2327,67.15271,2.569406,355.9288
60.29643,1.953367,355.2744,67.91518,2.568713,355.9626
63.88414,0.9679007,355.543,72.06348,1.636155,356.1248
63.88412,0.9679145,355.543,72.0635,1.636157,356.1248
72.32098,1.135967,355.9781,80.65823,1.846523,356.6212
77.92574,358.7202,356.3084,86.26318,359.4084,356.5977
85.67255,357.8819,356.659,95.06356,358.6437,356.8657
87.56992,357.2108,356.7911,97.19432,357.9762,356.8944
89.0676,356.6281,356.931,98.69804,357.3785,356.9354
92.6422,353.0526,357.4669,102.1136,353.7,356.9342
94.16306,352.6892,357.5475,103.6424,353.3284,356.9535
97.35986,349.9844,357.8459,106.9276,350.5806,356.8288
98.93701,349.4177,357.8929,108.5213,350.0135,356.778
103.0061,347.8018,357.9147,112.1759,348.3593,356.5777
104.2952,348.3151,357.7931,113.4547,348.9034,356.5304
106.8591,349.0645,357.5759,115.9798,349.7024,356.4246
108.0481,348.8643,357.4284,117.1725,349.5277,356.247
109.1619,348.6015,357.1873,118.2906,349.3058,355.9672
110.2388,348.8411,356.75,119.563,349.6428,355.5403
109.2979,348.5048,356.8052,118.1292,349.238,355.5791
110.8192,348.5175,356.5874,118.9427,349.2248,355.439
111.6065,348.3191,356.3371,119.7317,349.0631,355.1633
113.1553,348.3186,355.8747,121.2713,349.1331,354.7083
113.9096,348.1563,355.7852,122.0285,348.9849,354.5967
115.0336,353.037,355.158,123.7361,354.1003,354.6108
116.6608,352.8395,354.8406,125.4632,353.9661,354.2566
118.0268,352.6656,354.5747,126.8264,353.8346,353.9677
118.5906,353.4128,354.457,127.3643,354.6076,353.9591
119.2017,353.3578,354.3878,127.9747,354.5637,353.8824
120.0045,351.7371,354.2809,128.7251,352.9266,353.5517
119.332,353.3494,354.0824,128.1808,354.583,353.5597
120.0658,353.4371,353.9725,128.9109,354.6865,353.465
120.259,355.604,353.9106,128.7585,356.8282,353.7468
120.9983,355.8199,353.7458,129.4925,357.0659,353.6161
121.7452,2.650912,352.7883,130.1661,4.072701,353.6319
121.9902,5.84505,352.5117,130.6822,7.32901,353.7764
123.3426,6.336788,352.5344,132.0451,7.812503,353.8739
122.8514,6.65834,352.4789,132.0649,8.136612,353.8106
123.4399,6.965032,352.236,132.6546,8.477986,353.6195
123.8536,7.278815,352.0208,132.1903,8.749489,353.5326
124.3167,7.447005,351.97,132.656,8.923191,353.5069
123.8368,7.505774,351.8754,132.4364,8.976583,353.3953
124.0722,7.635948,351.6865,132.6234,9.125632,353.2304
124.8623,7.812712,351.5827,133.6129,9.330739,353.1392
125.1807,7.891889,351.5911,133.9335,9.407735,353.1597
126.3661,7.430764,351.3293,135.069,8.981589,352.8427
126.6744,7.5414,351.326,135.3798,9.091449,352.8564
126.9281,7.313907,351.414,135.6719,8.851684,352.9101
127.1557,7.419063,351.4111,135.9019,8.956044,352.9234
127.3868,7.519325,351.3406,136.1336,9.06576,352.8689
126.9713,7.280865,351.4385,135.0692,8.721805,352.9655
127.1841,7.33327,351.5219,135.2851,8.762027,353.0559
126.7929,7.371319,351.5967,135.0504,8.78899,353.1244
126.9245,7.456572,351.543,135.1826,8.880997,353.0835
127.4178,7.353096,351.5105,135.6857,8.78056,353.0366
127.5473,7.380031,351.5401,135.8165,8.80297,353.0699
127.5841,6.804447,351.6141,135.8619,8.216444,353.0611
127.7591,6.921664,351.508,136.2061,8.363992,352.9642
127.9444,7.027858,351.4388,136.3922,8.47912,352.9113
127.6741,7.03444,351.4763,136.1529,8.473119,352.9466
127.2411,7.090392,351.4649,135.2895,8.474815,352.9624
127.3495,7.255911,351.436,135.4007,8.642741,352.9572
124.1243,6.403198,351.7583,132.9675,7.747836,353.1037
124.1718,6.448844,351.789,133.0166,7.788255,353.1413
124.774,1.73439,352.3658,133.6139,3.007914,353.0519
124.6133,1.723987,352.3625,132.7384,2.907495,353.0803
124.6613,1.799959,352.3606,132.7869,2.982994,353.0891
125.9581,1.946896,352.3113,134.119,3.165957,353.0639
125.7593,3.392684,352.1712,133.9171,4.629339,353.1284
125.7567,3.445397,352.1723,133.9152,4.681358,353.137
127.5324,5.782936,351.8529,135.5548,7.092548,353.1626
127.573,5.795243,351.9059,135.5968,7.097378,353.217
127.5867,5.825294,351.9551,135.6121,7.120291,353.27
127.8542,5.570479,351.976,135.8824,6.86798,353.2555
127.8542,5.570479,351.976,135.8824,6.86798,353.2555
128.3528,5.317358,351.9874,136.3919,6.624567,353.2324
128.3527,5.317362,351.9874,136.3919,6.624558,353.2324
128.3141,5.59385,351.9545,136.3553,6.906277,353.2388
128.3141,5.593859,351.9545,136.3553,6.906277,353.2388
128.6203,5.199125,351.9915,136.6489,6.510087,353.2211
129.0607,6.263492,351.8413,137.5576,7.656022,353.2098
129.0607,6.263492,351.8413,137.5576,7.656031,353.2098
129.2394,4.882802,352.0065,137.7028,6.247221,353.1798
129.2394,4.882802,352.0065,137.7028,6.247221,353.1798
129.1836,5.70762,351.9066,137.6043,7.084141,353.1986
129.1658,5.695873,351.9087,137.4309,7.056515,353.2039
129.1657,5.695867,351.9087,137.4309,7.056534,353.2039
129.1264,5.976667,351.875,137.3986,7.34319,353.2099
129.1264,5.976667,351.875,137.3986,7.34319,353.2099
129.258,5.995584,351.8676,137.5524,7.368296,353.2052
129.298,5.71507,351.9013,137.5894,7.082321,353.199
129.298,5.715064,351.9013,137.5894,7.082324,353.199
129.2697,5.135443,351.9743,137.3125,6.464234,353.1971
128.8643,5.088132,351.9957,137.1113,6.425379,353.2032
128.8563,5.069211,351.9983,137.1035,6.406227,353.2032
128.8643,5.088132,351.9957,137.1113,6.425381,353.2033
128.8895,4.808264,352.0291,137.1398,6.140398,353.1968
129.2906,0.8370449,352.48,137.5709,2.09675,353.084
130.9926,350.3381,353.4795,138.6212,351.3004,352.5967
130.9951,350.3038,353.4825,138.6249,351.2646,352.5946
131.6161,345.5664,353.8716,139.3882,346.4389,352.2681
131.6145,345.5823,353.8703,139.386,346.4557,352.2693
131.8523,345.5931,353.8604,139.3906,346.4275,352.2672
131.8523,345.5931,353.8604,139.3906,346.4275,352.2672
132.0674,345.6397,353.8485,139.6195,346.4775,352.2624
131.6637,343.3453,353.5621,139.3095,344.2635,351.6893
131.6257,342.7876,353.5014,139.2917,343.7188,351.552
131.7633,342.23,353.3064,139.2541,343.1622,351.309
131.7278,341.8174,353.2568,139.2341,342.7592,351.2038
131.3695,342.5677,353.0125,138.7966,343.5609,351.1056
130.9601,342.9115,352.8985,138.6017,343.9746,351.0235
130.9002,342.485,352.8205,138.5568,343.5608,350.8874
130.7997,341.7136,352.7144,138.4994,342.8123,350.673
130.7365,341.2937,352.7169,138.4539,342.3959,350.6164
130.6276,340.5468,352.7209,138.3633,341.6527,350.5174
130.4882,340.2501,352.7317,138.2996,341.3687,350.4741
130.3775,339.7224,352.7501,138.2139,340.8435,350.4163
130.2351,340.7353,352.6669,138.1548,341.9068,350.473
130.209,340.5024,352.6466,138.1388,341.6787,350.4192
130.5711,341.191,352.4485,138.2923,342.3792,350.3756
130.5354,341.0118,352.4484,138.2641,342.201,350.3505
130.903,341.2642,352.2244,138.8585,342.5392,350.1227
130.8787,341.4509,352.1445,138.7856,342.7327,350.0828
130.8587,341.5412,352.0039,138.7534,342.8461,349.9618
130.8667,341.4379,351.9407,138.764,342.752,349.8848
131.0142,341.7791,351.723,138.6957,343.0953,349.7714
131.0436,341.6526,351.6692,138.7287,342.9775,349.7009
130.4516,341.4641,351.7764,138.6451,342.8642,349.662
130.4871,341.2401,351.6454,138.6868,342.6602,349.5001
130.8691,342.313,351.414,138.7545,343.7314,349.5028
130.0403,343.2572,351.6514,138.1131,344.6965,349.8292
129.9872,343.0286,351.759,138.072,344.4556,349.9016
130.3386,343.0206,351.6539,138.1759,344.4306,349.8636
130.2399,342.8654,351.664,138.0836,344.2758,349.8513
129.6942,343.2521,351.7302,137.7816,344.7012,349.9084
129.5859,342.809,351.7415,137.9168,344.296,349.7942
129.5106,342.7641,351.7294,137.8429,344.2533,349.7756
129.4099,342.7418,351.6785,137.5551,344.205,349.7712
129.3745,342.7665,351.6446,137.5177,344.2341,349.7415
129.4884,342.2649,351.5934,137.8012,343.7619,349.5754
129.5072,342.2714,351.5663,137.6232,343.7359,349.6007
129.5341,342.303,351.5521,137.6484,343.7691,349.5913
129.1347,342.3161,351.6537,136.772,343.6765,349.8163
129.1785,342.368,351.6223,136.8129,343.7319,349.7926
129.337,342.183,351.5708,136.9801,343.5504,349.7119
129.3875,342.2111,351.5655,137.0295,343.5781,349.7104
130.6555,342.3978,351.2279,139.008,343.9575,349.2245
131.1043,342.4336,351.1023,139.2376,343.9746,349.1625
131.134,342.4097,351.0677,139.2672,343.9556,349.125
131.2026,342.1444,351.0252,139.3492,343.6939,349.0418
131.205,342.1532,351.0109,139.3507,343.7048,349.0291
130.8204,341.9492,351.1497,139.2004,343.5187,349.0766
130.5836,341.7811,351.2407,138.9755,343.3347,349.1385
130.2785,339.7573,351.5611,138.9885,341.2871,349.0804
130.2734,339.7924,351.5826,138.9823,341.3188,349.1071
129.7681,339.8004,351.7986,138.2898,341.2547,349.367
129.7496,339.8112,351.8305,138.2717,341.2609,349.4
129.4507,342.365,351.7327,137.798,343.837,349.7157
129.4507,342.365,351.7328,137.7979,343.837,349.7157
129.244,343.7689,351.6441,137.5118,345.2599,349.8472
129.6082,343.8233,351.5415,137.6674,345.2972,349.8078
129.6082,343.8233,351.5415,137.6674,345.2972,349.8078
129.6082,343.8233,351.5415,137.6955,345.3021,349.8007
129.6082,343.8233,351.5415,137.6954,345.3021,349.8007
129.8989,343.5833,351.4893,137.9709,345.065,349.7198
130.0618,343.3267,351.4726,138.5851,344.8899,349.5534
130.0618,343.3267,351.4726,138.5851,344.8899,349.5534
130.5508,341.6698,351.5099,138.9409,343.1793,349.3891
130.5508,341.6698,351.5099,138.9409,343.1793,349.3891
130.3164,341.6373,351.5751,138.9406,343.179,349.3892
130.3164,341.6373,351.5751,138.9406,343.179,349.3891
130.3812,342.7831,351.4435,138.6281,344.2941,349.5183
130.0433,343.0227,351.5086,138.1191,344.4945,349.6588
130.0433,343.0227,351.5086,138.1191,344.4945,349.6588
130.0276,343.0217,351.5128,138.119,344.4955,349.6589
130.0276,343.0217,351.5128,138.119,344.4955,349.6589
130.0278,343.0208,351.5129,138.1191,344.4946,349.6588
130.0278,343.0208,351.5129,138.1191,344.4946,349.6588
130.6093,342.5365,351.4083,138.7275,344.0263,349.4814
129.572,343.0538,352.8413,137.7094,344.3449,350.9659
129.4681,343.0543,352.9513,137.6086,344.3299,351.074
129.2628,343.0976,353.1208,137.4058,344.3503,351.2472
129.1467,343.1154,353.2019,137.291,344.357,351.3296
129.4989,343.0986,353.187,137.4133,344.3132,351.3714
129.2935,342.7685,353.3,137.2411,343.9679,351.4282
129.0566,342.8122,353.4587,137.0064,343.9902,351.5907
128.8495,343.1183,353.5306,137.0187,344.3232,351.6512
128.4499,342.889,353.7241,136.8006,344.0865,351.7642
128.3077,342.9292,353.801,136.6586,344.1156,351.8458
127.9755,343.2763,353.9517,136.356,344.4491,352.0372
127.841,343.0377,354.0813,136.2519,344.1919,352.1237
127.4963,343.138,354.2519,135.9071,344.2673,352.3068
127.3761,342.9144,354.3286,136.2705,344.0954,352.2338
127.2143,342.966,354.4037,136.1082,344.1353,352.3158
126.9104,343.0984,354.5505,135.8015,344.2443,352.4814
126.704,343.1702,354.6669,135.5948,344.298,352.6073
125.7982,343.3161,354.9794,134.2919,344.3426,353.0305
125.2815,342.2637,355.2071,133.9068,343.2571,353.0718
119.3426,335.9969,357.2167,127.3735,336.5353,354.2458
118.5335,336.0987,357.2957,126.5593,336.6259,354.3393
117.5873,336.2037,357.3488,125.6076,336.7231,354.4076
115.3447,336.3432,357.4718,123.3233,336.8404,354.5586
113.9909,337.1976,357.464,122.6407,337.7795,354.5219
111.096,337.1738,357.4757,119.7475,337.7543,354.5296
109.5637,337.1778,357.4256,118.2161,337.7655,354.4805
107.9722,337.1448,357.3967,116.6262,337.7368,354.4467
89.57722,333.4232,1.696503,98.94116,333.4283,357.9104
85.82493,333.5243,2.125909,95.40943,333.4664,358.2927
82.46071,333.6582,1.789581,92.03221,333.6487,357.9859
79.59989,336.4265,1.648422,87.92942,336.3646,358.5971
75.37486,337.7557,1.210267,84.32277,337.739,358.2079
73.54238,337.8141,1.043226,82.48585,337.8207,358.0527
71.74144,337.9171,0.9170105,80.67778,337.9406,357.9453
67.93719,338.5405,0.6340981,77.27108,338.605,357.6609
66.34905,340.7643,0.22938,75.85219,340.8589,357.5495
64.43147,341.5535,359.7477,73.67957,341.7104,357.252
62.8449,341.5751,359.6329,72.09095,341.7506,357.1426
62.78022,342.3988,358.4795,70.84663,342.6826,356.412
61.49518,342.4092,358.3465,69.56004,342.7107,356.282
62.34675,342.5742,357.3411,70.4722,343.0491,355.298
61.22082,342.5815,357.2127,69.34449,343.0737,355.1723
60.77719,341.3556,357.0609,69.17104,341.9061,354.7802
60.84881,338.8608,356.731,69.45406,339.5001,354.0363
60.32323,338.8098,356.6976,68.93079,339.4543,353.9952
60.61591,338.6824,356.292,68.49053,339.3093,353.7499
60.18259,338.5887,356.1504,68.05987,339.2345,353.5965
59.56521,338.6185,355.7032,68.18342,339.4142,352.985
60.54334,339.7923,355.1241,68.13097,340.544,352.8275
59.80256,339.8287,354.8502,67.38387,340.614,352.5625
59.68336,340.0006,354.6204,67.50131,340.8495,352.3065
59.37699,340.0096,354.4028,67.19041,340.8861,352.0934
60.50149,340.192,353.6717,67.8459,341.1021,351.5028
60.92857,340.2712,353.3883,68.29452,341.2241,351.2297
60.42331,340.1674,353.2544,67.79106,341.1372,351.0836
60.2551,340.1832,353.0979,68.09217,341.2498,350.8264
60.55525,340.3056,352.7123,68.5965,341.4618,350.4182
60.4501,340.3319,352.6087,68.48756,341.5014,350.3201
60.32647,340.3654,352.5025,68.3597,341.5486,350.2207
60.38639,339.7307,352.2568,68.26624,340.9129,349.9148
61.42595,340.0437,351.8993,68.82061,341.1881,349.7074
61.18436,340.896,351.7692,68.51237,342.0518,349.7129
61.14746,340.9857,351.7358,68.47082,342.1458,349.6921
61.59904,341.1231,351.5203,69.40475,342.4047,349.4021
61.64628,341.1679,351.4394,69.44784,342.4595,349.3289
61.82326,341.0081,351.3823,69.63464,342.3056,349.2452
61.87119,341.1082,351.3609,69.67764,342.4076,349.2384
62.05779,340.333,351.3714,69.68984,341.5855,349.1655
61.72738,340.4111,351.3261,69.1204,341.62,349.1747
61.80815,340.4754,351.2928,69.19749,341.6885,349.1507
61.83549,341.1302,351.2267,69.17719,342.3488,349.1898
61.89844,341.1703,351.1744,69.23721,342.395,349.1437
61.98312,341.2205,351.121,69.31854,342.4512,349.0978
62.58959,340.4968,351.056,70.40974,341.8247,348.8358
62.64697,340.5212,351.0515,70.46594,341.8494,348.8349
62.77538,340.6128,350.963,70.58784,341.9515,348.761
62.87385,340.6841,350.922,70.68226,342.0265,348.7307
62.50814,340.6932,350.989,69.86633,341.9336,348.8773
62.18654,340.472,351.0416,69.76181,341.746,348.857
62.37976,340.5405,350.8607,69.94728,341.8364,348.6885
62.24853,340.556,350.8513,69.80878,341.8508,348.6819
62.33475,340.6168,350.823,69.89165,341.9146,348.6625
62.04299,341.4853,350.7587,69.31894,342.7419,348.7763
62.09972,341.5271,350.7086,69.37276,342.7893,348.7325
62.2403,342.1201,350.6794,69.24043,343.3353,348.8355
62.37596,342.216,350.7249,69.37325,343.4252,348.8927
62.06305,341.6685,350.9499,68.81389,342.793,349.0742
62.15853,341.7314,350.9598,68.9075,342.8537,349.0915
62.28114,340.9857,351.1078,69.30389,342.1349,349.0766
62.38799,341.0471,351.1751,69.40987,342.188,349.1508
62.49138,341.0742,351.2181,69.51321,342.2101,349.1967
62.65297,341.0569,351.249,69.67632,342.189,349.2248
62.39396,341.5587,351.2419,69.88454,342.7873,349.2143
62.50944,341.5516,351.2693,70.23141,342.822,349.2015
62.54102,341.5339,351.3048,70.26466,342.7999,349.2339
62.60027,341.1948,351.3518,70.3354,342.4547,349.2289
62.59978,341.169,351.3539,70.33605,342.4288,349.2274
62.61948,341.1538,351.3813,69.8832,342.3184,349.3334
62.15831,341.083,351.5114,69.41711,342.229,349.453
62.16508,341.0829,351.5408,69.42455,342.2254,349.482
62.04668,341.9357,351.5366,69.25674,343.0761,349.6129
62.05898,341.9522,351.5639,69.26899,343.0892,349.6419
62.18515,341.1177,351.7343,69.44692,342.2365,349.6773
62.16193,341.1014,351.7872,69.42559,342.2141,349.7272
62.33033,341.1141,351.7867,69.8351,342.2725,349.6871
61.1454,340.9326,352.0444,68.87942,342.0952,349.8752
61.14413,340.9414,352.0983,68.87909,342.0971,349.9294
62.27948,341.6399,351.9027,69.75524,342.7824,349.8857
62.3193,341.6146,351.9189,69.79652,342.7556,349.8982
61.72778,341.5172,352.1342,68.96571,342.5847,350.1393
61.88757,342.4414,352.0937,69.33366,343.5577,350.1984
61.94644,341.2535,352.3394,69.67657,342.3802,350.2157
61.99757,341.229,352.3861,69.72977,342.35,350.2582
62.05337,341.2038,352.4196,69.78751,342.3207,350.2876
62.36892,341.3946,352.4344,69.89528,342.4752,350.3673
62.1984,341.399,352.5287,69.93987,342.5036,350.4225
62.27497,341.5819,352.6504,70.01151,342.6694,350.5681
60.2821,350.3372,352.2457,68.06128,351.5007,351.4178
59.41132,357.7751,351.685,67.02786,358.9782,351.9237
59.46991,357.9193,351.7321,67.08713,359.1149,351.9895
58.79258,4.507023,351.1763,66.43637,5.752192,352.3513
58.91039,4.757906,351.2559,66.55925,5.990278,352.464
57.77438,4.923768,351.5774,66.68776,6.244193,352.5927
55.92099,4.437483,352.2331,64.79635,5.595384,353.1831
56.04131,4.697927,352.2791,64.92161,5.845642,353.2691
56.2578,5.244432,352.3797,65.14764,6.369941,353.4537
56.35666,5.520038,352.4402,65.25246,6.632899,353.5565
56.44604,5.787523,352.4934,65.34772,6.888978,353.6508
56.66885,6.230025,352.5729,65.5099,7.306674,353.8084
56.72995,6.462947,352.6126,65.57639,7.530772,353.8839
56.70561,4.36658,353.0378,65.56922,5.383666,354.0135
56.73144,4.605294,353.0974,65.59957,5.61037,354.1094
57.2669,3.888369,353.2646,65.76831,4.839469,354.22
57.06597,4.068583,353.2939,65.7576,5.031299,354.2565
56.99662,4.757052,353.2841,65.47337,5.687321,354.3689
56.95831,4.946415,353.3037,65.43821,5.87173,354.4164
56.81673,5.284023,353.2839,65.30157,6.208547,354.4469
56.72702,5.453208,353.246,65.2141,6.381476,354.4345
56.63255,5.613688,353.2224,65.12193,6.543639,354.4349
56.99376,4.811407,353.2856,65.26419,5.725202,354.4035
57.00168,4.094142,353.3574,65.4823,5.029078,354.3591
57.0452,4.146711,353.2823,65.53049,5.09709,354.2949
56.94894,4.311991,353.2432,65.43587,5.266313,354.2806
57.27342,4.126204,353.2127,65.31818,5.044452,354.2516
57.17942,4.30487,353.2007,65.22621,5.223021,354.2649
57.32291,4.216052,353.1793,65.16607,5.11854,354.2411
57.12767,4.834301,353.0746,64.97334,5.74558,354.2233
57.04438,5.017214,353.0582,64.89237,5.929015,354.2321
56.94165,5.094813,353.0884,64.98682,6.024513,354.2654
56.77732,5.434712,353.0643,64.82727,6.364405,354.2895
56.78508,4.731102,353.162,64.84937,5.65379,354.2862
57.00051,4.353951,353.2143,65.07047,5.277468,354.285
56.93952,4.494242,353.1802,65.0108,5.42112,354.271
56.80379,4.761243,353.1001,64.87751,5.696712,354.2292
56.88982,3.755287,353.2037,64.9422,4.681661,354.1899
57.18638,4.062075,353.163,64.81015,4.950293,354.195
57.15638,3.415407,353.1906,64.78963,4.304361,354.1292
57.05442,3.602675,353.1143,64.68845,4.500096,354.0785
57.12966,3.299025,353.1485,64.95432,4.21683,354.0702
57.03656,3.497176,353.0836,64.86222,4.421976,354.0329
57.03173,2.981657,353.0997,64.86114,3.907243,353.9751
57.01143,3.083949,353.0697,64.84136,4.012669,353.9593
56.98468,3.138752,353.0741,64.81052,4.065395,353.9704
58.53553,3.12403,353.1069,66.17702,4.052106,353.9994
58.62433,2.690938,353.129,66.2556,3.616163,353.9586
58.63366,2.763252,353.1295,66.26561,3.687761,353.9688
58.76422,2.273013,353.2499,66.61002,3.207808,354.0239
58.79635,2.291719,353.2741,66.64263,3.222056,354.0505
58.71291,2.844232,353.2254,66.35352,3.75588,354.0749
58.73076,2.867757,353.225,66.37159,3.779269,354.0776
58.26548,3.151902,353.1797,66.57243,4.136406,354.0898
58.08195,3.296091,353.1457,65.91484,4.226267,354.0623
58.08195,3.29607,353.1457,65.91486,4.226267,354.0623
58.38914,2.541525,353.1971,66.70019,3.526444,354.0218
58.40835,2.625501,353.1926,66.72004,3.610166,354.0295
58.23614,2.658081,353.1879,66.07944,3.58573,354.0132
58.3398,2.394603,353.2021,66.1497,3.318647,353.989
58.34436,2.401083,353.1951,66.15422,3.326029,353.9828
58.26701,2.685174,353.1665,66.13477,3.618315,353.9965
58.28064,2.709959,353.1761,66.14879,3.641542,354.0094
58.27721,2.695854,353.1776,66.14964,3.627754,354.009
58.28345,2.700198,353.1773,66.35261,3.654832,354.0161
58.39807,2.693326,353.2485,66.46828,3.638212,354.0858
57.8447,2.348275,353.2891,65.86391,3.27401,354.0741
57.8573,2.363188,353.3091,65.87694,3.285999,354.096
57.87281,2.389616,353.3249,65.89489,3.310152,354.1154
57.9305,2.436475,353.3511,65.95332,3.35289,354.1479
57.70644,2.663955,353.3127,65.98769,3.609527,354.1503
57.75577,2.654318,353.3275,65.81032,3.572021,354.1559
56.75861,2.260987,353.3505,64.75221,3.154113,354.1189
56.80749,2.276207,353.3527,64.80122,3.168869,354.1232
56.80746,2.276202,353.3527,64.80123,3.168865,354.1232
56.96948,2.248526,353.6048,64.96949,3.106682,354.3693
57.22016,1.695778,353.675,65.22778,2.549037,354.3608
57.71145,2.086048,353.795,65.73652,2.924376,354.5356
57.71148,2.086043,353.795,65.73652,2.924382,354.5356
58.13662,2.116247,353.9419,66.16883,2.934127,354.6855
58.22507,2.158118,354.0424,66.25893,2.961558,354.7909
57.31902,2.114633,354.1826,65.76952,2.924244,354.9353
57.44457,2.180584,354.1746,65.89545,2.990637,354.9371
57.49498,2.256707,354.2002,65.50838,3.017123,354.958
57.61586,1.317784,354.4102,65.85599,2.079685,355.0411
57.36539,1.158495,355.0175,65.61213,1.834979,355.6195
57.1846,0.8163887,355.7951,64.76855,1.329195,356.3236
56.8215,3.250733,356.0422,64.42162,3.709588,356.8906
57.0091,3.989236,356.7507,65.29295,4.387421,357.7429
56.29256,3.514969,357.2759,64.55504,3.831628,358.1926
56.90222,0.2993695,356.9971,65.14482,0.6892698,357.4548
57.12047,0.2649885,356.9843,65.58881,0.6671309,357.4418
57.51645,0.3074584,357.0915,65.98563,0.6933404,357.5541
58.1242,0.2542089,357.4888,66.13209,0.5561219,357.9294
58.5088,0.9091024,357.6683,66.28923,1.169065,358.196
59.32959,0.8389357,358.2304,67.11185,1.023461,358.7435
59.30463,0.7728212,358.5331,67.533,0.9244775,359.0401
59.8665,0.7176484,358.7139,68.09492,0.8440081,359.2112
60.93711,0.560622,359.2804,69.16602,0.607502,359.7495
61.47854,0.4544965,359.5717,69.70744,0.4608137,0.02248507
66.71075,359.3857,359.9726,74.80914,359.3965,0.274234
71.19942,350.6209,1.094678,79.47898,350.5375,0.1254383
74.35138,350.2935,1.520618,82.44888,350.1554,0.5050511
75.10882,350.1195,1.654894,83.2104,349.9646,0.6131726
76.52518,348.5417,1.95742,84.63462,348.348,0.6802337
77.05246,348.1349,2.034093,85.17384,347.9347,0.6975164
75.21551,343.8383,2.705833,83.4754,343.5575,0.7009098
75.3251,343.3426,2.780471,83.6062,343.0567,0.7004457
74.12679,341.3383,3.071112,81.4558,341.025,0.7325777
67.68021,337.3036,5.132705,75.60939,336.799,2.107975
66.88895,336.6947,5.666054,74.85139,336.128,2.54653
65.25537,335.5311,6.746648,73.02574,334.8545,3.476706
64.58886,335.1218,7.046275,72.38277,334.4117,3.714198
63.81858,335.4196,7.243623,71.34212,334.6977,4.021454
64.41557,337.7094,6.728471,71.34046,337.0562,3.985066
63.93584,337.3549,6.738862,70.8789,336.7031,3.948895
62.99766,337.1343,6.654631,69.93779,336.4948,3.853836
62.5326,336.8296,6.63127,69.48912,336.195,3.790279
60.58867,335.7858,6.942525,68.09798,335.0985,3.850344
60.17462,335.4326,7.014006,67.70489,334.7397,3.870559
57.72776,333.8301,7.583618,65.84414,333.0598,4.069372
57.33815,333.6031,7.604637,65.47068,332.8322,4.054222
56.98166,333.3773,7.604435,65.1307,332.6087,4.018049
56.59933,334.7863,7.248296,64.88793,334.0297,3.869611
56.29803,334.5707,7.255302,64.60184,333.8154,3.841945
55.93682,334.5604,7.196452,63.99231,333.8278,3.843521
56.25478,335.563,6.927649,64.51141,334.8358,3.691995
56.45139,335.7689,6.644902,64.46184,335.0886,3.507838
56.1638,335.5719,6.632017,64.18722,334.8951,3.464679
58.77808,335.7828,2.611743,66.80396,335.6156,359.5028
59.59333,335.6165,1.787493,66.89385,335.5379,358.8297
59.35788,335.5135,1.7119,66.66396,335.4445,358.7403
58.95818,335.2224,1.549775,66.28094,335.1745,358.5386
59.79678,337.3885,0.9716253,67.27589,337.4036,358.2697
59.37594,337.119,0.8995037,66.8693,337.1451,358.1599
59.19198,337.069,0.8486007,66.6879,337.1017,358.1024
58.91845,337.591,0.648037,66.37645,337.6449,357.9936
58.79352,337.5042,0.5902832,66.25587,337.5657,357.9241
59.38177,337.4401,0.3582867,66.89613,337.5348,357.6752
59.60046,338.1352,0.1297453,67.30752,338.2672,357.5115
59.48614,338.1136,0.1332484,67.19437,338.2453,357.5119
59.53917,338.8985,359.977,66.9659,339.036,357.5461
59.48302,338.8124,359.9294,66.9138,338.9564,357.4871
59.85233,339.3505,359.6308,67.27822,339.5329,357.2747
59.80919,339.3859,359.6147,67.47513,339.5835,357.2043
59.78705,339.4204,359.6096,67.45127,339.6183,357.2041
59.74962,339.4485,359.6026,67.41279,339.6475,357.2014
59.74198,339.4314,359.6063,67.40612,339.6296,357.2022
59.77396,337.6842,359.7817,67.53111,337.8659,357.0903
60.03297,337.7035,359.7147,67.54125,337.8799,357.0884
60.03296,337.7035,359.7147,67.54125,337.8799,357.0884
59.87996,337.5731,359.6637,67.39487,337.7569,357.0195
60.09696,338.323,359.4831,67.82607,338.5441,356.9034
60.08138,338.2902,359.5072,67.81242,338.5086,356.9225
60.06377,338.271,359.552,67.79616,338.4839,356.9641
59.74546,338.124,359.7399,67.75498,338.3292,357.0609
60.69585,338.0286,359.5288,68.4632,338.2514,356.9024
59.86893,338.2128,359.6489,67.85906,338.4312,356.9923
59.83027,338.226,359.6122,67.81944,338.4488,356.9579
59.7584,338.2254,359.626,67.74767,338.4466,356.9716
59.71579,338.1873,359.6347,67.70721,338.4078,356.9745
59.67667,338.1553,359.6165,67.6697,338.3784,356.9517
59.39488,338.4337,359.5723,67.3671,338.66,356.9546
59.39628,338.5861,359.5273,67.3717,338.8183,356.9319
59.36392,339.0308,359.4702,67.05753,339.2534,357.0139
59.35777,339.053,359.4306,67.04993,339.2804,356.9778
59.37485,339.1255,359.3814,67.06303,339.3583,356.9395
59.3761,339.1487,359.3943,67.06323,339.3797,356.9555
59.64883,338.5752,359.377,67.61764,338.8271,356.7817
59.64883,338.5752,359.377,67.61764,338.8271,356.7817
59.64882,338.5752,359.377,67.6176,338.8271,356.7817
59.65104,338.5826,359.3756,67.6254,338.8351,356.78
