L-QuaternionX,L-QuaternionY,L-QuaternionZ,L-QuaternionW,R-QuaternionX,R-QuaternionY,R-QuaternionZ,R-QuaternionW,
0.04907922,0.06577007,-0.003243864,0.9966219,0.04934512,0.0465407,-0.00230925,0.9976943
0.04901716,0.06578681,-0.003235607,0.9966238,0.04928326,0.04655751,-0.002299803,0.9976966
0.05923047,0.06520139,-0.003877007,0.9961053,0.05951849,0.04808936,-0.002870633,0.9970642
0.05923046,0.06520138,-0.003877007,0.9961053,0.05951848,0.04808935,-0.002870633,0.9970641
0.05923047,0.06520139,-0.003877008,0.9961053,0.05951848,0.04808936,-0.002870633,0.9970642
0.05176467,0.06522506,-0.003388138,0.9965214,0.05201733,0.04806986,-0.002506769,0.9974855
0.05168913,0.06528539,-0.003445466,0.9965211,0.05194093,0.04813031,-0.002562806,0.9974864
0.04911314,0.07125969,-0.003512991,0.9962417,0.04940418,0.05218244,-0.002584722,0.9974114
0.04911314,0.0712597,-0.00351299,0.9962417,0.04940418,0.05218245,-0.002584721,0.9974114
0.05168413,0.07135644,-0.003702421,0.996104,0.05199173,0.0522111,-0.002721955,0.997278
0.06030851,0.06876424,-0.004164562,0.9957997,0.06064662,0.04995351,-0.003038919,0.996904
0.06060482,0.03501831,-0.001944247,0.9975455,0.06078323,0.008839894,-0.0003582289,0.9981118
0.06054528,0.03507655,-0.002128942,0.9975467,0.06071907,0.008898247,-0.0005413136,0.9981152
0.06054528,0.03507655,-0.002128943,0.9975467,0.06071907,0.008898238,-0.000541314,0.9981151
0.06059242,0.03029767,-0.00184004,0.997701,0.06072988,0.002763302,-0.0001681259,0.9981505
0.05511944,0.03515689,-0.001941986,0.9978588,0.05527862,0.008883881,-0.0004918604,0.9984313
0.05511944,0.03515689,-0.001941986,0.9978587,0.05527861,0.008883885,-0.0004918601,0.9984313
0.06872687,0.04023511,-0.002774054,0.99682,0.06896715,0.01468623,-0.001015395,0.9975103
0.06872687,0.04023511,-0.002774054,0.99682,0.06896716,0.01468624,-0.001015395,0.9975104
0.09203202,0.04717508,-0.004365065,0.9946284,0.09233565,0.02992907,-0.002776643,0.9952741
0.09213192,0.06612433,-0.006131835,0.9935299,0.09262121,0.04733659,-0.004408327,0.9945659
0.09213192,0.06612433,-0.006131836,0.9935299,0.09262121,0.04733659,-0.004408327,0.9945659
0.09213186,0.06612666,-0.006132048,0.9935298,0.0926062,0.04802172,-0.00447155,0.9945341
0.07441292,0.06760551,-0.005056408,0.9949204,0.07483833,0.04781592,-0.003592683,0.9960422
0.07441291,0.06760551,-0.005056408,0.9949204,0.07483833,0.04781592,-0.003592682,0.9960421
0.0670955,0.06481518,-0.004367898,0.9956295,0.06741767,0.04779021,-0.00323298,0.9965744
0.0670955,0.06481518,-0.004367897,0.9956295,0.06741767,0.04779021,-0.00323298,0.9965744
0.06680982,0.06688926,-0.00448901,0.9955111,0.06717402,0.04794838,-0.003231927,0.9965833
0.06442495,0.06690986,-0.004329422,0.9956675,0.06477678,0.04794602,-0.003115939,0.9967424
0.06442495,0.06690986,-0.004329422,0.9956676,0.06477679,0.04794602,-0.00311594,0.9967425
0.06442495,0.06690987,-0.004329422,0.9956676,0.06477679,0.04794602,-0.003115939,0.9967425
0.06442495,0.06690987,-0.004329422,0.9956676,0.06477679,0.04794602,-0.003115939,0.9967425
0.04905881,0.0673883,-0.003317553,0.9965144,0.04935415,0.04633227,-0.002291953,0.9977036
0.04905881,0.0673883,-0.003317554,0.9965145,0.04935414,0.04633226,-0.002291953,0.9977034
0.04905881,0.0673883,-0.003317553,0.9965145,0.04935414,0.04633226,-0.002291953,0.9977034
0.05419526,0.06747719,-0.003670741,0.9962412,0.05452202,0.046401,-0.002536393,0.9974306
0.05419525,0.06747718,-0.00367074,0.996241,0.05452202,0.046401,-0.002536393,0.9974306
0.05922662,0.0690332,-0.004105658,0.9958463,0.05956249,0.05007103,-0.002991439,0.9969636
0.05922662,0.06903321,-0.004105657,0.9958463,0.0595625,0.05007104,-0.002991439,0.9969636
0.05922674,0.0690273,-0.004105311,0.9958467,0.05958888,0.04826861,-0.002884778,0.9970512
0.05422265,0.06932302,-0.003686699,0.9961128,0.05453667,0.05011948,-0.00265359,0.9972497
0.05423271,0.06925422,-0.003770486,0.9961167,0.05454499,0.05005058,-0.002737529,0.9972524
0.05423257,0.06926171,-0.003770886,0.996116,0.05451797,0.05199151,-0.002842561,0.9971542
0.05423258,0.06926172,-0.003770886,0.9961162,0.05451797,0.05199151,-0.002842561,0.9971544
0.05668473,0.06907143,-0.003839595,0.9959927,0.05697987,0.05202248,-0.002883009,0.997015
0.05658062,0.06895356,-0.003917078,0.9960064,0.05687297,0.051939,-0.002962739,0.9970253
0.05658062,0.06895356,-0.003917079,0.9960064,0.05687296,0.051939,-0.002962738,0.9970253
0.04648659,0.06527802,-0.003044358,0.996779,0.04675604,0.04421902,-0.002071805,0.9979249
0.0464866,0.06527802,-0.003044359,0.9967791,0.04675604,0.04421902,-0.002071805,0.9979249
0.04640037,0.06746025,-0.003140741,0.9966374,0.04665852,0.04836,-0.002261523,0.9977371
0.04640038,0.06746025,-0.003140742,0.9966375,0.04665852,0.04835999,-0.002261523,0.9977371
0.04637363,0.06745556,-0.003138708,0.996639,0.04663213,0.04830973,-0.002257886,0.9977407
0.03272906,0.07034301,-0.002309228,0.9969832,0.03292201,0.05108198,-0.001684838,0.9981503
0.03272906,0.070343,-0.002309226,0.996983,0.03292201,0.05108197,-0.001684838,0.9981502
0.03267234,0.07551119,-0.002475528,0.9966065,0.03289603,0.05468124,-0.001802472,0.9979603
0.03267234,0.07551119,-0.002475528,0.9966064,0.03289602,0.05468123,-0.001802472,0.9979602
0.02114943,0.0702265,-0.001489263,0.9973057,0.02127425,0.05091422,-0.001084815,0.9984758
0.02114942,0.0702265,-0.001489262,0.9973057,0.02127426,0.05091422,-0.001084816,0.9984758
0.03146567,0.07735963,-0.002442714,0.9965037,0.03167045,0.05837749,-0.001852936,0.9977905
0.02113155,0.07950049,-0.001685684,0.9966094,0.02128621,0.05854154,-0.001248553,0.9980572
0.02124941,0.07950881,-0.001695268,0.9966063,0.02140506,0.05853292,-0.001255342,0.9980553
0.0212494,0.0795088,-0.001695268,0.9966062,0.02140505,0.05853292,-0.001255341,0.9980553
0.0212494,0.07950882,-0.001695268,0.9966063,0.02140505,0.05853292,-0.001255342,0.9980553
0.02127522,0.07568165,-0.001615144,0.9969038,0.02141114,0.0565602,-0.00121324,0.9981689
0.03142565,0.07566014,-0.002385696,0.9966356,0.03162565,0.05660188,-0.001793848,0.9978943
0.03142566,0.07566015,-0.002385695,0.9966356,0.03162565,0.05660187,-0.001793849,0.9978943
0.03142565,0.07566013,-0.002385696,0.9966356,0.03162565,0.05660187,-0.001793848,0.9978943
0.03129399,0.07376904,-0.002315982,0.9967816,0.03150458,0.05268009,-0.001662803,0.998113
0.03129399,0.07376904,-0.002315982,0.9967816,0.03150458,0.0526801,-0.001662802,0.998113
0.02888011,0.06788352,-0.001965844,0.9972733,0.02905709,0.04665282,-0.001357649,0.9984876
0.03132422,0.06787465,-0.002132091,0.9971997,0.03151603,0.04665332,-0.001472665,0.9984127
0.03133321,0.06781166,-0.002180897,0.9972036,0.03152391,0.04659024,-0.001521637,0.9984155
0.03129959,0.06449663,-0.002023929,0.997425,0.03146777,0.04500227,-0.001418262,0.9984902
0.03129958,0.06449662,-0.002023929,0.9974249,0.03146778,0.04500226,-0.001418263,0.9984902
0.03138741,0.07177337,-0.002259731,0.9969245,0.03157602,0.05261898,-0.001664637,0.9981139
0.03138743,0.07177284,-0.002259714,0.9969245,0.0315771,0.05248944,-0.001660585,0.9981207
0.03138742,0.07177284,-0.002259714,0.9969245,0.0315771,0.05248944,-0.001660585,0.9981207
0.03138742,0.07177283,-0.002259714,0.9969244,0.03157711,0.05248944,-0.001660586,0.9981207
0.03134706,0.06788581,-0.002134,0.9971981,0.03152421,0.04863526,-0.001535772,0.9983178
0.03134706,0.06788582,-0.002134,0.9971983,0.03152421,0.04863526,-0.001535772,0.9983178
0.02872609,0.06618202,-0.001906121,0.9973921,0.02891011,0.04286157,-0.001240793,0.9986619
0.02872609,0.06618203,-0.001906122,0.9973922,0.02891011,0.04286157,-0.001240793,0.9986619
0.02872609,0.06618203,-0.001906122,0.9973922,0.02891011,0.04286157,-0.001240793,0.9986619
0.02872609,0.06618203,-0.001906122,0.9973922,0.02891011,0.04286157,-0.001240793,0.9986618
0.0211417,0.06618182,-0.001402586,0.9975827,0.02127732,0.04283728,-0.0009125069,0.9988551
-0.03816966,0.02189489,0.000836531,0.9990311,-0.03821431,-0.00333336,-0.0001274754,0.999264
-0.08365609,-0.01232513,-0.001034778,0.996418,-0.08334567,-0.04063243,-0.00340121,0.9956862
-0.08365607,-0.01232513,-0.001034779,0.9964179,-0.0833457,-0.04063243,-0.003401208,0.9956862
-0.1037303,-0.01644761,-0.001715605,0.9944681,-0.1032331,-0.04708764,-0.004892655,0.99353
-0.1037303,-0.01644761,-0.001715605,0.9944681,-0.1032331,-0.04708763,-0.004892658,0.99353
-0.1037301,-0.01646361,-0.001717273,0.9944677,-0.1032331,-0.04708768,-0.004892661,0.99353
-0.1012448,-0.01640465,-0.001669694,0.994725,-0.1008523,-0.04292111,-0.004354973,0.9939657
-0.1012448,-0.01640465,-0.001669694,0.9947249,-0.1008523,-0.04292111,-0.004354974,0.9939656
-0.09121743,-0.01436368,-0.001315843,0.9957266,-0.09088991,-0.04073879,-0.003721277,0.9950206
-0.09121746,-0.01436369,-0.001315841,0.9957266,-0.09088992,-0.04073881,-0.003721278,0.9950205
-0.09362039,-0.01432811,-0.001284091,0.995504,-0.09328204,-0.04072739,-0.003760504,0.9947993
-0.09370976,-0.01437214,-0.001352904,0.995495,-0.09337292,-0.04077164,-0.00382691,0.9947888
-0.09367912,-0.01840967,-0.00173252,0.9954307,-0.09333295,-0.04283914,-0.004019587,0.9947048
-0.1057736,-0.04281611,-0.004558638,0.9934576,-0.105048,-0.06792855,-0.007192446,0.9921184
-0.1057736,-0.04281611,-0.004558636,0.9934576,-0.105048,-0.06792855,-0.007192445,0.9921184
-0.107138,-0.04296648,-0.004634369,0.9933046,-0.1064131,-0.06775046,-0.00726779,0.9919845
-0.107138,-0.04296647,-0.004634369,0.9933047,-0.1064131,-0.06775046,-0.007267789,0.9919846
-0.1058716,-0.03878434,-0.004132548,0.9936146,-0.1051327,-0.06584541,-0.006976565,0.9922515
-0.1059389,-0.03270804,-0.003486567,0.9938286,-0.105224,-0.06172008,-0.006543441,0.99251
-0.1059389,-0.03270805,-0.00348657,0.9938286,-0.105224,-0.06172008,-0.00654344,0.9925098
-0.1025735,-0.0307414,-0.003125004,0.9942455,-0.1019207,-0.05935242,-0.006040819,0.9930021
-0.1025212,-0.0165594,-0.001706923,0.9945915,-0.1021277,-0.04280537,-0.004398711,0.9938401
-0.1024269,-0.01651905,-0.001718766,0.9946019,-0.1020341,-0.0427648,-0.004413054,0.9938515
-0.1024557,-0.01452124,-0.001495813,0.9946305,-0.1020906,-0.04071447,-0.004181936,0.9939328
-0.1024557,-0.01452123,-0.001495813,0.9946305,-0.1020906,-0.04071446,-0.004181935,0.9939328
-0.1000095,-0.01451217,-0.001458826,0.9948795,-0.09969366,-0.03862381,-0.003872775,0.9942607
-0.1000095,-0.01451216,-0.001458824,0.9948795,-0.09969366,-0.03862384,-0.003872779,0.9942606
-0.09874264,-0.01640352,-0.001627902,0.9949766,-0.09840214,-0.04083219,-0.004041008,0.9943005
-0.09874263,-0.01640351,-0.001627901,0.9949765,-0.09840212,-0.0408322,-0.00404101,0.9943004
-0.09871615,-0.01638926,-0.001626049,0.9949794,-0.09841548,-0.03877613,-0.003837732,0.9943823
-0.09873977,-0.01436817,-0.001425827,0.9950085,-0.09842424,-0.03875997,-0.003836476,0.994382
-0.09122355,-0.01030971,-0.0009444768,0.9957766,-0.09094591,-0.0365817,-0.003343076,0.9951781
-0.09122353,-0.01030972,-0.0009444787,0.9957765,-0.09094591,-0.03658168,-0.003343076,0.995178
-0.1037748,-0.01438466,-0.001501027,0.9944957,-0.103443,-0.03879939,-0.00403828,0.9938702
-0.1037628,-0.01434753,-0.001511273,0.9944974,-0.1034314,-0.03876226,-0.00404883,0.9938728
-0.1062688,-0.008313733,-0.0008885569,0.9943023,-0.1059336,-0.03676475,-0.003919372,0.9936857
-0.1062689,-0.008313728,-0.0008885515,0.9943023,-0.1059336,-0.03676476,-0.00391937,0.9936855
-0.1062689,-0.008302202,-0.0008873193,0.9943024,-0.1059722,-0.0346969,-0.00370001,0.9937568
-0.09631094,-0.00222623,-0.0002154108,0.9953489,-0.09606159,-0.03247332,-0.003135617,0.9948406
-0.09631095,-0.00222624,-0.0002154115,0.9953488,-0.09606158,-0.03247332,-0.003135618,0.9948406
-0.09626541,-0.00829181,-0.0008019664,0.9953209,-0.09599812,-0.03455634,-0.003334765,0.994776
-0.09626539,-0.008291793,-0.0008019661,0.9953209,-0.09599812,-0.03455632,-0.003334763,0.994776
-0.09628328,-0.01233897,-0.001193674,0.9952769,-0.09600058,-0.0366381,-0.003536018,0.9947006
-0.09628327,-0.01233897,-0.001193676,0.9952767,-0.09600058,-0.0366381,-0.003536018,0.9947006
-0.106292,-0.01236648,-0.00132205,0.9942573,-0.1059775,-0.03681687,-0.00392658,0.993679
-0.106304,-0.01035298,-0.001106896,0.9942793,-0.1059369,-0.03886954,-0.004144226,0.9936042
-0.106304,-0.01035299,-0.001106895,0.9942792,-0.1059369,-0.03886954,-0.004144223,0.9936042
-0.09633079,-0.006264051,-0.0006062518,0.9953295,-0.09608907,-0.03250278,-0.003139371,0.994837
-0.09633078,-0.006264027,-0.0006062507,0.9953295,-0.09608905,-0.0325028,-0.003139371,0.994837
-0.09620956,-0.01032006,-0.0009975706,0.9953073,-0.09587982,-0.03867421,-0.003728083,0.9946343
-0.09621454,-0.0123002,-0.00100566,0.9952841,-0.09596307,-0.03453514,-0.003150153,0.9947807
-0.09877932,-0.0123217,-0.001223209,0.9950323,-0.09852522,-0.03457041,-0.003424801,0.9945279
-0.09877933,-0.0123217,-0.001223207,0.9950323,-0.09852521,-0.0345704,-0.0034248,0.994528
-0.0987904,-0.01031179,-0.001023771,0.9950543,-0.09852546,-0.03455818,-0.00342359,0.9945284
-0.09879042,-0.01031178,-0.001023768,0.9950544,-0.09852543,-0.03455817,-0.003423595,0.9945285
-0.09886827,-0.006284746,-0.0005990472,0.9950805,-0.09858634,-0.03456253,-0.00339728,0.9945223
-0.09880675,-0.006273229,-0.0006228971,0.9950866,-0.09852555,-0.03455085,-0.003422872,0.9945287
-0.1013168,-0.006276371,-0.0006392039,0.9948342,-0.1010279,-0.03459755,-0.003515442,0.9942757
-0.1013168,-0.00627637,-0.0006392041,0.9948342,-0.1010279,-0.03459756,-0.003515444,0.9942756
-0.1013168,-0.006276361,-0.0006392009,0.9948343,-0.1010279,-0.03459755,-0.003515441,0.9942756
-0.101332,-0.004233223,-0.000431183,0.9948437,-0.101105,-0.03044921,-0.003095892,0.9944049
-0.101332,-0.004233224,-0.0004311841,0.9948437,-0.101105,-0.03044921,-0.003095889,0.994405
-0.09882365,-0.002217065,-0.0002201798,0.9951026,-0.0985998,-0.03039392,-0.00301293,0.9946584
-0.09882368,-0.002217039,-0.0002201731,0.9951027,-0.09859979,-0.0303939,-0.003012929,0.9946585
-0.09882368,-0.002217068,-0.0002201766,0.9951026,-0.0985998,-0.03039391,-0.003012928,0.9946585
-0.09878773,-0.01234274,-0.001225401,0.9950312,-0.09849808,-0.03662642,-0.003627743,0.9944564
-0.09878774,-0.01234273,-0.001225396,0.9950312,-0.09849808,-0.03662644,-0.003627746,0.9944563
-0.09877294,-0.01234183,-0.001225126,0.9950327,-0.09848254,-0.03667058,-0.003631543,0.9944562
-0.09877294,-0.01234182,-0.001225123,0.9950328,-0.09848253,-0.03667058,-0.003631542,0.9944564
-0.09888439,-0.01643182,-0.001633078,0.994962,-0.09845765,-0.04494825,-0.004451692,0.9941158
-0.09888455,-0.01641008,-0.001630918,0.9949622,-0.09854361,-0.04083617,-0.004047268,0.9942864
-0.09888455,-0.01641007,-0.001630918,0.9949623,-0.09854362,-0.04083616,-0.004047266,0.9942864
-0.09871297,-0.01641008,-0.001628064,0.9949793,-0.09837259,-0.04083711,-0.004040267,0.9943032
-0.08870694,-0.01026803,-0.0009145009,0.9960045,-0.08852782,-0.03036765,-0.002700242,0.995607
-0.08870694,-0.01026805,-0.0009145034,0.9960044,-0.08852781,-0.03036764,-0.002700242,0.995607
-0.08870694,-0.01026806,-0.0009145035,0.9960045,-0.08852781,-0.03036764,-0.002700243,0.9956071
-0.09878162,-0.008305532,-0.0008244941,0.9950742,-0.09847142,-0.03664455,-0.00362855,0.9944583
-0.09878162,-0.008305547,-0.0008244982,0.9950742,-0.09847143,-0.03664457,-0.003628551,0.9944584
-0.09878164,-0.008305524,-0.0008244948,0.9950742,-0.09847143,-0.03664454,-0.003628549,0.9944584
-0.09874819,-0.01435931,-0.00142507,0.9950079,-0.09847078,-0.03668048,-0.003632089,0.9944571
-0.09369648,-0.01639339,-0.001543002,0.9954648,-0.09333425,-0.04282965,-0.004018752,0.9947051
-0.09369648,-0.01639339,-0.001543003,0.9954646,-0.09333425,-0.04282964,-0.004018751,0.994705
0.006957834,-0.01654289,0.0001151215,0.9998389,0.006930538,-0.04292689,0.0002977875,0.9990541
0.1531539,-0.0196759,0.003119168,0.9880016,0.1527314,-0.03913622,0.006122754,0.9874735
0.1531675,-0.0196535,0.003046838,0.9880002,0.1527437,-0.03911385,0.006050184,0.987473
0.1627016,-0.01976928,0.003260604,0.9864719,0.1622477,-0.03935809,0.006476804,0.9859436
0.1627016,-0.01976929,0.003260603,0.986472,0.1622477,-0.0393581,0.006476802,0.9859437
0.162514,-0.02948591,0.004858661,0.9862536,0.1619527,-0.04798196,0.007884345,0.9855998
0.1624664,-0.03148098,0.005186177,0.9861981,0.1617186,-0.05385425,0.00883893,0.9853267
0.1624664,-0.03148097,0.005186178,0.9861981,0.1617186,-0.05385425,0.008838927,0.9853267
0.157288,-0.03507319,0.005589743,0.9869139,0.1565779,-0.05565539,0.008837632,0.9860566
0.157288,-0.03507318,0.005589739,0.9869139,0.1565779,-0.05565539,0.008837635,0.9860567
0.1669404,-0.03526177,0.005974329,0.9853182,0.1661811,-0.05597468,0.009448769,0.9844599
0.1574579,-0.03278635,0.005230644,0.9869675,0.1567954,-0.05306631,0.008437248,0.9861683
0.1574579,-0.03278636,0.005230643,0.9869675,0.1567953,-0.05306632,0.008437251,0.9861683
0.1574489,-0.02957441,0.004717444,0.9870729,0.1567576,-0.05188659,0.008247109,0.9862388
0.1574489,-0.0295744,0.004717444,0.987073,0.1567576,-0.05188661,0.008247108,0.9862388
0.152662,-0.02782119,0.004299358,0.9878774,0.1520876,-0.04825339,0.007434194,0.9871604
0.152662,-0.02782119,0.004299358,0.9878775,0.1520876,-0.04825341,0.007434192,0.9871604
0.152662,-0.02782119,0.004299358,0.9878774,0.1520876,-0.04825341,0.007434192,0.9871603
0.1526149,-0.02957178,0.004568685,0.9878327,0.1519441,-0.05186581,0.007984541,0.9869952
0.1526149,-0.02957177,0.004568687,0.9878328,0.1519441,-0.05186581,0.007984543,0.9869951
0.1423991,-0.03168857,0.004561266,0.9892915,0.1417936,-0.0524627,0.007525595,0.9884765
0.1423644,-0.03169892,0.004569393,0.9892961,0.141759,-0.05247295,0.007534443,0.9884807
0.1410586,-0.03350246,0.004776335,0.9894227,0.1404328,-0.05426855,0.007709189,0.9885717
0.1422234,-0.03528257,0.005072825,0.9891925,0.1416318,-0.05435089,0.00778819,0.9883956
0.1397648,-0.03523803,0.004977072,0.989545,0.1390513,-0.05777344,0.008126396,0.9885651
0.1397648,-0.03523801,0.004977072,0.989545,0.1390513,-0.05777343,0.008126397,0.988565
0.139966,-0.03522298,0.004916594,0.9895173,0.1392512,-0.05775903,0.008061371,0.9885383
0.1345693,-0.03518664,0.004781577,0.9902678,0.1338818,-0.05771945,0.007811287,0.9892842
0.1346212,-0.02845943,0.003868066,0.990481,0.1340886,-0.04931429,0.006681175,0.9897191
0.1344357,-0.02844347,0.003841202,0.9905066,0.1339027,-0.04929779,0.006658234,0.9897451
0.1324173,-0.02840602,0.003796452,0.9907797,0.1318928,-0.04928965,0.006566511,0.9900161
0.1323502,-0.03185053,0.004255069,0.9906821,0.1316495,-0.05641554,0.007504669,0.9896614
0.1323502,-0.03185052,0.004255068,0.990682,0.1316495,-0.05641553,0.007504666,0.9896614
0.1322624,-0.03184011,0.004250812,0.9906941,0.1315641,-0.05635777,0.007492007,0.9896759
0.1322624,-0.03184013,0.00425081,0.990694,0.1315641,-0.05635777,0.007492004,0.989676
0.1325648,-0.02984008,0.003992808,0.9907171,0.1320214,-0.05068825,0.006760032,0.9899269
0.1348156,-0.02989011,0.004068664,0.9904114,0.1342604,-0.05081097,0.006893462,0.9896185
0.1348156,-0.02989012,0.004068664,0.9904114,0.1342604,-0.05081097,0.006893464,0.9896185
0.1359225,-0.03358313,0.00461016,0.9901395,0.1351671,-0.05836576,0.007976313,0.9890701
0.1359225,-0.03358313,0.00461016,0.9901395,0.1351671,-0.05836575,0.007976313,0.9890702
0.1347379,-0.03366403,0.004580254,0.9902987,0.1339951,-0.05824926,0.00789003,0.9892371
0.1347379,-0.03366404,0.004580253,0.9902988,0.1339951,-0.05824925,0.007890033,0.9892372
0.1324551,-0.03538081,0.004731093,0.990546,0.1317648,-0.05818444,0.007747688,0.9895415
0.1293169,-0.0375854,0.004905167,0.9908787,0.1286794,-0.05854966,0.007610794,0.9899271
0.1293169,-0.0375854,0.004905166,0.9908786,0.1286794,-0.05854964,0.007610796,0.9899271
0.1271721,-0.03752549,0.004814764,0.991159,0.1264751,-0.06039146,0.007714393,0.9900997
0.1271721,-0.03752548,0.004814762,0.991159,0.1264751,-0.06039145,0.007714392,0.9900997
0.1270715,-0.03566298,0.004571784,0.9912418,0.1264035,-0.05847795,0.007464782,0.9902257
0.1272574,-0.02994865,0.003844208,0.9914101,0.1267955,-0.04879027,0.006244406,0.9907086
0.1272647,-0.02995356,0.003847017,0.9914091,0.1268029,-0.04879518,0.006247074,0.9907074
0.1249603,-0.02989968,0.003767528,0.991704,0.1245086,-0.04868747,0.006117035,0.9910044
0.1249603,-0.02989967,0.003767527,0.9917041,0.1245086,-0.04868749,0.006117035,0.9910045
0.1324921,-0.02996832,0.004007747,0.9907229,0.1320137,-0.04875389,0.006501018,0.9900269
0.1249564,-0.03011129,0.003794099,0.9916979,0.124318,-0.05471755,0.00686617,0.9907088
0.1249564,-0.0301113,0.003794097,0.9916979,0.124318,-0.05471754,0.006866171,0.9907088
0.1222871,-0.03388597,0.004177626,0.9919074,0.1217269,-0.05492872,0.00674689,0.9910196
0.1222871,-0.03388645,0.004177687,0.9919073,0.1216716,-0.0565832,0.006947573,0.9909319
0.1222871,-0.03388646,0.004177685,0.9919072,0.1216716,-0.05658319,0.006947571,0.9909319
0.1222871,-0.03388648,0.004177685,0.9919073,0.1216716,-0.05658318,0.006947571,0.990932
0.1227476,-0.03377215,0.004179495,0.9918544,0.122186,-0.05483885,0.006761613,0.990968
0.1249412,-0.02085598,0.00262694,0.9919416,0.1244474,-0.04528412,0.005685665,0.9911761
0.1229275,-0.02080941,0.002578171,0.9921941,0.1224431,-0.04519428,0.005581558,0.9914303
0.1229275,-0.02080941,0.002578172,0.9921941,0.1224431,-0.04519427,0.00558156,0.9914303
0.1202829,-0.0245794,0.00297903,0.992431,0.119805,-0.04717372,0.005699179,0.9916598
0.1203385,-0.02460715,0.002983132,0.9924235,0.1198605,-0.04720159,0.005702003,0.9916516
0.1202577,-0.02626502,0.00318279,0.9923902,0.119805,-0.0471743,0.005699252,0.9916596
0.1202188,-0.02626327,0.003181535,0.9923949,0.1197662,-0.04717599,0.005697581,0.9916642
0.1202188,-0.02626325,0.003181534,0.9923949,0.1197662,-0.04717597,0.005697584,0.9916643
0.1178776,-0.02622854,0.003114569,0.9926769,0.1173915,-0.0486701,0.005760257,0.9918757
0.1178776,-0.02622854,0.003114567,0.9926769,0.1173915,-0.0486701,0.005760257,0.9918757
0.1179272,-0.02272968,0.0027,0.9927585,0.1174886,-0.04509095,0.005340201,0.9920357
0.1179272,-0.02272968,0.002699998,0.9927585,0.1174886,-0.04509096,0.005340202,0.9920357
0.1227544,-0.02454075,0.003036381,0.9921289,0.1222686,-0.04709961,0.005808982,0.9913619
0.1228986,-0.02267809,0.002809136,0.9921561,0.1224383,-0.04520956,0.005583231,0.9914302
0.1228986,-0.02267807,0.002809137,0.9921562,0.1224383,-0.04520958,0.005583234,0.9914302
0.1228336,-0.02454008,0.003038293,0.9921192,0.1223999,-0.04521214,0.005581772,0.9914348
0.1228336,-0.0245401,0.003038293,0.9921191,0.1223999,-0.04521212,0.005581771,0.9914349
0.1252498,-0.02451268,0.003095535,0.9918176,0.124806,-0.04526583,0.005699996,0.9911318
0.1228166,-0.02448515,0.00303106,0.9921226,0.1223825,-0.0451978,0.005579189,0.9914376
0.1228166,-0.02448517,0.00303106,0.9921226,0.1223825,-0.0451978,0.00557919,0.9914376
0.1251862,-0.01900098,0.002397968,0.9919485,0.1248176,-0.0395566,0.004980298,0.9913785
0.1251862,-0.01900096,0.002397967,0.9919485,0.1248176,-0.03955662,0.004980296,0.9913783
0.1209219,-0.01328865,0.001657882,0.9925717,0.1205606,-0.0374094,0.00458514,0.9919902
0.1209159,-0.01329484,0.00161959,0.9925725,0.1205538,-0.03741556,0.004547001,0.991991
0.1208569,-0.01329124,0.001618348,0.9925796,0.1205299,-0.03580028,0.00434956,0.9920545
0.1208702,-0.01148322,0.001398324,0.9926011,0.1205724,-0.03373402,0.004099688,0.992123
0.1158249,-0.007795556,0.0009179759,0.9932387,0.1155848,-0.03011497,0.003513615,0.9928348
0.1157977,-0.007798717,0.0009092157,0.9932417,0.1155573,-0.03011808,0.003505469,0.9928379
0.1184413,-0.007804828,0.0009309957,0.9929299,0.1181954,-0.03013167,0.003588242,0.9925267
0.1184413,-0.007804828,0.0009309961,0.9929299,0.1181954,-0.03013168,0.003588242,0.9925266
0.1183673,-0.009596097,0.001187478,0.9929227,0.1181007,-0.03182615,0.003833574,0.9924841
0.1184321,-0.009625346,0.001148086,0.9929149,0.1181644,-0.03185556,0.00379273,0.9924757
0.1184942,-0.009628687,0.001149094,0.9929074,0.1182265,-0.03185258,0.0037944,0.9924684
0.1231693,-0.005930554,0.0007221443,0.9923677,0.1229719,-0.02626753,0.003243998,0.9920571
0.1232149,-0.005896679,0.0007321496,0.9923623,0.1230179,-0.02623377,0.003253076,0.9920523
0.1197469,0.07641757,-0.009244916,0.989816,0.1205367,0.05636405,-0.006855061,0.9910837
0.1197469,0.07641756,-0.009244915,0.989816,0.1205367,0.05636406,-0.006855058,0.9910838
0.1248233,0.07944331,-0.01002725,0.9889426,0.1257416,0.05778024,-0.007336158,0.9903519
0.1222563,0.0800634,-0.00989498,0.9892145,0.1230382,0.06187652,-0.007686648,0.9904413
0.1222563,0.08006341,-0.009894977,0.9892145,0.1230382,0.06187652,-0.007686646,0.9904413
0.1247335,0.08125295,-0.01024972,0.9888046,0.1255821,0.06208402,-0.007874539,0.9901075
0.1247335,0.08125297,-0.01024972,0.9888047,0.1255821,0.06208402,-0.00787454,0.9901075
0.1249295,0.08141273,-0.01028641,0.9887663,0.1257337,0.06346913,-0.008060823,0.9899989
0.1322719,0.0814964,-0.01091285,0.9877972,0.1331202,0.06359294,-0.008559488,0.9890205
0.1322719,0.08149642,-0.01091285,0.9877974,0.1331203,0.06359296,-0.008559489,0.9890207
0.1319412,0.08749411,-0.01169234,0.9873194,0.1329395,0.06780346,-0.009116222,0.9887601
0.1319412,0.08749411,-0.01169234,0.9873195,0.1329395,0.06780346,-0.009116221,0.9887602
0.1375653,0.08191545,-0.01141676,0.9870337,0.1384577,0.0638575,-0.008946532,0.9882671
0.1375478,0.09086818,-0.01267315,0.9862369,0.1386274,0.07128289,-0.01000456,0.9877252
0.1375478,0.09086819,-0.01267315,0.9862369,0.1386274,0.0712829,-0.01000456,0.9877253
0.1316933,0.1075462,-0.01437392,0.9853346,0.1327067,0.09207379,-0.01238236,0.9867918
0.1273441,0.1838017,-0.02402142,0.9743835,0.1289851,0.1697836,-0.02242092,0.9767466
0.1273441,0.1838017,-0.02402142,0.9743836,0.1289851,0.1697836,-0.02242092,0.9767466
0.1092296,0.2360324,-0.0267108,0.9652172,0.1110807,0.2224994,-0.0255259,0.9682477
0.1092296,0.2360324,-0.0267108,0.9652172,0.1110807,0.2224994,-0.0255259,0.9682478
0.1094137,0.2367377,-0.02684124,0.9650201,0.1113252,0.2228269,-0.02562253,0.9681418
0.1135948,0.2324914,-0.02735196,0.9655547,0.1147683,0.2241609,-0.02659337,0.9674053
0.1135948,0.2324914,-0.02735196,0.9655548,0.1147683,0.2241609,-0.02659337,0.9674053
0.1143965,0.2263786,-0.02678271,0.9669276,0.115696,0.2168895,-0.02589681,0.9689701
0.1143965,0.2263786,-0.02678271,0.9669275,0.115696,0.2168895,-0.02589681,0.9689701
0.1223504,0.2143311,-0.0270711,0.9686896,0.1233312,0.2071915,-0.02633975,0.9701378
0.1223504,0.2143311,-0.0270711,0.9686897,0.1233312,0.2071915,-0.02633975,0.9701378
0.113703,0.2085259,-0.02441618,0.971078,0.1149351,0.1985214,-0.023449,0.9730516
0.113703,0.2085259,-0.02441618,0.9710781,0.1149351,0.1985214,-0.023449,0.9730516
0.1098182,0.2004077,-0.02261271,0.9732757,0.1115582,0.1848868,-0.02112895,0.9761788
0.1072497,0.1932986,-0.02126216,0.9750288,0.1087303,0.1792478,-0.01993677,0.9775738
0.1072607,0.193331,-0.02128159,0.9750207,0.1087411,0.1792802,-0.01995641,0.9775663
0.1051933,0.1989189,-0.02148092,0.9741173,0.106694,0.1848945,-0.0201969,0.9767408
0.1052935,0.1932922,-0.02086888,0.9752519,0.1067384,0.1793367,-0.01957703,0.9777843
0.1052935,0.1932922,-0.02086887,0.9752517,0.1067384,0.1793367,-0.01957704,0.9777843
0.1049304,0.1896721,-0.02039153,0.9760115,0.1065228,0.1738147,-0.01891591,0.9788174
0.1049304,0.1896721,-0.02039153,0.9760115,0.1065228,0.1738147,-0.01891591,0.9788174
0.1034387,0.184957,-0.01958027,0.9770916,0.1053132,0.1652549,-0.01775052,0.9804515
0.1034387,0.184957,-0.01958027,0.9770916,0.1053132,0.1652549,-0.01775052,0.9804513
0.1030715,0.1842413,-0.01943173,0.9772686,0.1049266,0.1645885,-0.01761123,0.9806075
0.1058756,0.1818555,-0.01969905,0.9774103,0.1077566,0.1621321,-0.01781452,0.9807061
0.1058756,0.1818555,-0.01969906,0.9774104,0.1077566,0.1621321,-0.01781452,0.9807062
0.1063817,0.1700039,-0.01846362,0.9795107,0.1080018,0.1517816,-0.01668714,0.9823542
0.1063817,0.1700039,-0.01846362,0.9795105,0.1080018,0.1517816,-0.01668714,0.9823542
0.1118416,0.1646962,-0.01879959,0.9798028,0.113315,0.1484075,-0.01712045,0.9822637
0.1115821,0.1674055,-0.01907299,0.9793677,0.1130641,0.1513014,-0.01742306,0.9818459
0.1115821,0.1674055,-0.01907299,0.9793677,0.1130641,0.1513014,-0.01742306,0.9818458
0.1118416,0.1646962,-0.01879958,0.9798027,0.113315,0.1484075,-0.01712045,0.9822636
0.1118416,0.1646962,-0.01879958,0.9798027,0.113315,0.1484075,-0.01712045,0.9822636
0.1118416,0.1646962,-0.01879959,0.9798027,0.113315,0.1484075,-0.01712045,0.9822637
0.1023498,0.1644928,-0.01716356,0.9809037,0.1037255,0.1478862,-0.01559808,0.9834264
0.1023498,0.1644928,-0.01716356,0.9809036,0.1037255,0.1478862,-0.01559808,0.9834264
0.1028786,0.1714722,-0.0180075,0.9796373,0.1048413,0.1485782,-0.01584331,0.9831998
0.1026857,0.1728933,-0.01812699,0.9794055,0.1043877,0.1533975,-0.01629801,0.9825004
0.1026857,0.1728933,-0.01812699,0.9794053,0.1043876,0.1533974,-0.01629801,0.9825002
0.1028165,0.1714724,-0.01799653,0.9796439,0.1046904,0.1496739,-0.01593962,0.9830483
0.1028165,0.1714723,-0.01799653,0.9796439,0.1046904,0.1496738,-0.01593962,0.9830482
0.1039613,0.1727719,-0.01834149,0.9792883,0.1055609,0.1547291,-0.01663001,0.9821606
0.09934027,0.1712605,-0.01735937,0.980051,0.1010087,0.1512754,-0.01554131,0.9831945
0.09934028,0.1712605,-0.01735936,0.980051,0.1010087,0.1512754,-0.01554131,0.9831946
0.1037278,0.1711822,-0.0181262,0.9795961,0.1054661,0.1512025,-0.01622704,0.9827265
0.1037278,0.1711822,-0.0181262,0.9795961,0.1054661,0.1512025,-0.01622704,0.9827265
0.09958889,0.162255,-0.01646215,0.9815726,0.1011776,0.1420166,-0.01459406,0.9845717
0.09958889,0.1622549,-0.01646214,0.9815725,0.1011776,0.1420166,-0.01459406,0.9845716
0.1045499,0.1621444,-0.01727945,0.9810606,0.1062093,0.1419653,-0.01532262,0.984038
0.1045791,0.1618937,-0.01725686,0.9810992,0.1062336,0.1417448,-0.01530186,0.9840674
0.1045791,0.1618938,-0.01725687,0.9810993,0.1062336,0.1417448,-0.01530186,0.9840676
0.1046879,0.1617786,-0.01723697,0.9811071,0.1063414,0.1416468,-0.01528139,0.9840703
0.1046858,0.1617442,-0.01725829,0.9811127,0.1063388,0.1416124,-0.01530258,0.9840752
0.102161,0.1615271,-0.01681414,0.9814222,0.1037752,0.1413657,-0.01490288,0.9843904
0.102161,0.1615271,-0.01681414,0.9814222,0.1037752,0.1413657,-0.01490288,0.9843904
0.1021954,0.1616501,-0.01683303,0.981398,0.1038199,0.1413779,-0.01491067,0.9843839
0.1022764,0.1616711,-0.01684875,0.9813859,0.1039156,0.1412208,-0.01490767,0.9843963
0.1022764,0.1616711,-0.01684875,0.9813859,0.1039156,0.1412208,-0.01490766,0.9843963
0.1046517,0.1617626,-0.01725462,0.9811131,0.1063278,0.1413264,-0.01526944,0.9841179
0.1046798,0.1631089,-0.01740695,0.9808847,0.1062106,0.1447502,-0.01562991,0.9836273
0.1069217,0.1630678,-0.01777964,0.980643,0.1084832,0.1447148,-0.01596446,0.9833791
0.1069217,0.1630678,-0.01777964,0.9806429,0.1084831,0.1447148,-0.01596446,0.9833789
0.1070437,0.1653042,-0.01805128,0.9802502,0.108767,0.1452846,-0.01607117,0.9832619
0.1070437,0.1653042,-0.01805128,0.9802502,0.108767,0.1452846,-0.01607117,0.983262
0.1072182,0.1578089,-0.01723925,0.9814803,0.1088685,0.1375913,-0.0152172,0.9843704
0.1070206,0.1632697,-0.01792775,0.9805958,0.1085725,0.1450534,-0.01612405,0.9833166
0.107049,0.1631824,-0.01781393,0.9806093,0.1086026,0.1449659,-0.0160106,0.983328
0.1046068,0.1630569,-0.01738896,0.9809014,0.1062497,0.1432417,-0.01546927,0.9838463
0.1046068,0.1630569,-0.01738896,0.9809014,0.1062497,0.1432417,-0.01546927,0.9838464
0.106889,0.1635086,-0.01782354,0.9805723,0.1084721,0.1449414,-0.01598836,0.9833465
0.1045055,0.1687888,-0.01800062,0.9799312,0.1063754,0.146974,-0.01590035,0.9832753
0.1046441,0.1687702,-0.01802271,0.9799193,0.1065135,0.1469876,-0.01592275,0.983258
0.1046441,0.1687702,-0.01802271,0.9799192,0.1065135,0.1469876,-0.01592275,0.9832579
0.1046441,0.1687702,-0.01802271,0.9799193,0.1065135,0.1469876,-0.01592275,0.9832579
0.1045696,0.1698741,-0.01813111,0.9797343,0.1063751,0.1490442,-0.01612943,0.9829597
0.104557,0.1699294,-0.01810665,0.9797265,0.1063632,0.1490998,-0.01610484,0.9829531
0.10411,0.1678485,-0.01782882,0.9801379,0.1058193,0.1478117,-0.01590844,0.9832095
0.0923312,0.1680406,-0.01585733,0.9813185,0.09385803,0.1479347,-0.01415291,0.9844317
0.09228934,0.168063,-0.01580569,0.9813194,0.0938173,0.1479573,-0.01410046,0.9844329
0.09228934,0.168063,-0.01580569,0.9813194,0.09381729,0.1479573,-0.01410045,0.9844329
0.09204445,0.1757482,-0.01650706,0.9799836,0.09363694,0.1558252,-0.01483994,0.9832245
0.09204447,0.1757482,-0.01650706,0.9799837,0.09363695,0.1558252,-0.01483994,0.9832246
0.09649842,0.1809307,-0.01784156,0.9785877,0.09790529,0.1648619,-0.01644831,0.9813077
0.1013062,0.1820148,-0.01885631,0.9778815,0.1027792,0.1660828,-0.0174078,0.9805865
0.1013062,0.1820148,-0.01885631,0.9778814,0.1027792,0.1660828,-0.0174078,0.9805865
0.1013062,0.1820148,-0.01885631,0.9778814,0.1027792,0.1660828,-0.0174078,0.9805866
0.1013062,0.1820148,-0.01885631,0.9778814,0.1027792,0.1660828,-0.0174078,0.9805866
0.09897145,0.1841376,-0.01863951,0.9777272,0.10057,0.1666158,-0.01708577,0.9807308
0.09894203,0.1844451,-0.01866616,0.9776717,0.1005698,0.1666186,-0.01708603,0.9807303
0.09894203,0.1844451,-0.01866616,0.9776718,0.1005698,0.1666186,-0.01708603,0.9807304
0.1033316,0.1844165,-0.01950053,0.9772068,0.1050339,0.1665336,-0.01784385,0.9802634
0.1033316,0.1844165,-0.01950053,0.9772067,0.1050339,0.1665336,-0.01784386,0.9802635
0.1036052,0.1821034,-0.01929884,0.9776154,0.1054448,0.1624418,-0.01746193,0.9809125
0.1036052,0.1821034,-0.01929884,0.9776155,0.1054447,0.1624418,-0.01746193,0.9809124
0.103521,0.1821302,-0.01928592,0.9776196,0.1053638,0.1624182,-0.01744578,0.9809253
0.1008779,0.1861443,-0.01921713,0.977141,0.102245,0.1717421,-0.0179244,0.9796577
0.1008779,0.1861443,-0.01921713,0.9771411,0.102245,0.1717422,-0.01792441,0.9796579
0.09390643,0.1863072,-0.01789211,0.9778299,0.09518901,0.1718358,-0.01668432,0.9803739
0.09390643,0.1863072,-0.01789211,0.9778299,0.09518902,0.1718358,-0.01668433,0.980374
0.08427708,0.1043507,-0.008874921,0.9909236,0.08507307,0.08456644,-0.007246846,0.9927531
0.002580051,0.01554613,-4.011549E-05,0.9998758,0.002581047,-0.009317382,2.405028E-05,0.9999533
0.002580051,0.01554613,-4.011588E-05,0.9998759,0.002581044,-0.009317382,2.404968E-05,0.9999532
-0.00499713,0.01166333,5.828977E-05,0.9999195,-0.00499723,-0.01131708,-5.655743E-05,0.9999236
-0.004997127,0.01166333,5.828898E-05,0.9999196,-0.004997226,-0.01131708,-5.655727E-05,0.9999236
-0.00499747,0.01555808,7.776137E-05,0.9998664,-0.004999412,-0.009319777,-4.65946E-05,0.999944
-0.004997471,0.01555808,7.776186E-05,0.9998665,-0.004999412,-0.009319779,-4.659578E-05,0.9999442
-0.02033504,0.01566515,0.0003055649,0.9996705,-0.02034112,-0.01136442,-0.0002393541,0.9997284
-0.02022395,0.02539029,0.0005137633,0.9994729,-0.02025653,0.0007827853,1.586025E-05,0.9997945
-0.02022395,0.02539029,0.0005137622,0.999473,-0.02025653,0.0007827905,1.585953E-05,0.9997946
-0.02022836,0.02756278,0.000557877,0.9994152,-0.02026441,0.006874871,0.0001393468,0.9997711
-0.02022835,0.02756278,0.0005578758,0.9994153,-0.02026441,0.006874872,0.0001393466,0.9997711
-0.007265094,0.03334877,0.0002424233,0.9994174,-0.007283178,0.01090353,7.941949E-05,0.9999141
-0.007095503,0.04321759,0.0003069445,0.9990405,-0.007119323,0.02302108,0.0001639424,0.9997097
-0.007095502,0.04321759,0.000306945,0.9990405,-0.007119328,0.02302108,0.0001639421,0.9997098
-0.001751707,0.0586687,0.0001029477,0.9982759,-0.001760856,0.03698951,6.517757E-05,0.9993141
0.001908077,0.05860361,-0.0001120131,0.9982796,0.00191798,0.037055,-7.111984E-05,0.9993114
0.001908077,0.05860361,-0.000112013,0.9982795,0.001917978,0.037055,-7.112002E-05,0.9993114
-0.001734475,0.06085087,0.0001057409,0.9981453,-0.001743961,0.03913541,6.830257E-05,0.9992325
-0.001734472,0.06085086,0.00010574,0.9981454,-0.001743963,0.03913541,6.830393E-05,0.9992324
0.00190871,0.05850068,-0.0001118528,0.9982856,0.001917065,0.0410275,-7.871836E-05,0.9991561
0.01221415,0.06077772,-0.0007437792,0.9980763,0.01227548,0.04122965,-0.0005065823,0.9990742
0.01221415,0.06077772,-0.0007437788,0.9980764,0.01227548,0.04122965,-0.0005065821,0.9990742
0.01227715,0.06831262,-0.0008523729,0.997588,0.01235842,0.04506558,-0.0005694967,0.9989074
0.01227124,0.06826886,-0.0008397669,0.9975912,0.01235277,0.04502176,-0.0005567507,0.9989096
0.01356087,0.0703545,-0.0009565266,0.9974294,0.01364808,0.04901081,-0.0006697702,0.9987048
0.01356087,0.0703545,-0.0009565274,0.9974294,0.01364808,0.0490108,-0.000669771,0.9987048
0.01612823,0.07035735,-0.001137709,0.9973907,0.01623193,0.04901721,-0.0007967057,0.9986656
0.01613707,0.06835491,-0.00110578,0.9975302,0.01622968,0.04895948,-0.0007956572,0.9986687
0.01613706,0.06835491,-0.001105778,0.99753,0.01622968,0.04895948,-0.0007956561,0.9986686
0.01607225,0.06826907,-0.001099948,0.997537,0.01616421,0.04890861,-0.0007916198,0.9986721
0.01607225,0.06826907,-0.001099947,0.9975369,0.01616422,0.04890861,-0.0007916212,0.9986722
0.01607187,0.06833921,-0.001101056,0.9975321,0.01616401,0.04895939,-0.0007924339,0.9986697
0.02376666,0.07197442,-0.001715529,0.9971218,0.0239227,0.05078193,-0.001216761,0.9984226
0.02376666,0.07197442,-0.001715529,0.9971219,0.0239227,0.05078193,-0.001216761,0.9984225
0.02381279,0.0736711,-0.0017596,0.9969968,0.02397268,0.05261343,-0.0012634,0.9983265
0.02383337,0.073677,-0.001717027,0.9969959,0.02399416,0.05261933,-0.001221274,0.9983258
0.03138069,0.07396859,-0.00232872,0.9967641,0.03157629,0.05478347,-0.00173333,0.9979973
0.02905837,0.09101469,-0.002656903,0.995422,0.02930379,0.07039732,-0.002068938,0.9970865
0.02905837,0.09101469,-0.002656902,0.9954219,0.02930378,0.07039732,-0.002068935,0.9970863
0.02905834,0.09101632,-0.002656948,0.9954217,0.02929943,0.07081445,-0.002080947,0.9970569
0.02903505,0.08950569,-0.002610393,0.9955596,0.0292566,0.0707287,-0.002075374,0.9970643
0.02903504,0.08950569,-0.002610392,0.9955596,0.0292566,0.0707287,-0.002075375,0.9970643
0.03270862,0.08711875,-0.002861965,0.9956568,0.0329703,0.06657185,-0.002200981,0.9972344
0.03270862,0.08711874,-0.002861964,0.9956567,0.0329703,0.06657184,-0.002200982,0.9972343
0.03270023,0.08564404,-0.002812431,0.9957851,0.03294119,0.06651891,-0.00219728,0.9972389
0.03163238,0.08724453,-0.002771722,0.9956808,0.03186265,0.06883685,-0.002199667,0.9971166
0.03163238,0.08724453,-0.002771723,0.9956808,0.03186264,0.06883684,-0.002199666,0.9971166
0.03163423,0.08577886,-0.002724971,0.9958082,0.03184433,0.06881359,-0.002197655,0.9971188
0.03164182,0.08576918,-0.002696127,0.9958089,0.03185241,0.06880393,-0.002168942,0.9971195
0.03655664,0.09061348,-0.003328469,0.9952095,0.03686147,0.07015753,-0.002594278,0.9968514
0.04163773,0.08504616,-0.003557134,0.9955003,0.04190868,0.06826238,-0.00287002,0.9967827
0.04163774,0.08504617,-0.003557136,0.9955004,0.04190869,0.06826238,-0.00287002,0.9967827
0.04163773,0.08504615,-0.003557136,0.9955003,0.04190868,0.06826237,-0.002870019,0.9967826
0.04163773,0.08504615,-0.003557135,0.9955002,0.04190868,0.06826238,-0.00287002,0.9967826
0.03145581,0.08147649,-0.002572749,0.9961754,0.03169185,0.06059508,-0.001924879,0.9976574
0.03145581,0.0814765,-0.002572748,0.9961755,0.03169186,0.06059509,-0.001924881,0.9976575
0.02648309,0.08149428,-0.002166192,0.9963197,0.02668205,0.06059773,-0.00162043,0.9978043
0.03146611,0.0814869,-0.002573923,0.9961743,0.03170205,0.06062612,-0.001926489,0.9976552
0.02907941,0.08553806,-0.002497618,0.9959073,0.02929089,0.06667487,-0.00195817,0.9973428
0.02907941,0.08553807,-0.002497618,0.9959074,0.02929089,0.06667488,-0.00195817,0.9973428
0.02907942,0.08553807,-0.002497618,0.9959074,0.02929089,0.06667488,-0.00195817,0.9973428
0.04152988,0.08670379,-0.003617577,0.9953614,0.04186106,0.06608069,-0.00277472,0.996932
0.03910854,0.0867184,-0.003406901,0.9954591,0.03942074,0.06608113,-0.002612722,0.9970319
0.03906286,0.0851046,-0.003339119,0.9956004,0.03936896,0.06438763,-0.002542132,0.9971449
0.03906286,0.0851046,-0.00333912,0.9956004,0.03936896,0.06438763,-0.002542131,0.9971449
0.03653432,0.08132588,-0.002983078,0.9960133,0.03678491,0.06245312,-0.002303397,0.9973673
0.03653431,0.08132588,-0.002983077,0.9960132,0.0367849,0.06245311,-0.002303396,0.9973671
0.03156414,0.08134648,-0.002577471,0.9961826,0.03178098,0.06245688,-0.001989836,0.9975396
0.03153994,0.08137894,-0.002585112,0.9961807,0.03175667,0.06248939,-0.001997026,0.9975383
0.03400479,0.08333698,-0.002845418,0.995937,0.03426573,0.06254629,-0.002148671,0.9974513
0.03399859,0.0833358,-0.002844857,0.9959375,0.0342597,0.06252535,-0.002147569,0.997453
0.03399859,0.08333579,-0.002844858,0.9959373,0.0342597,0.06252535,-0.002147569,0.9974529
0.03398407,0.0833276,-0.00282433,0.9959385,0.03424559,0.06251716,-0.002126741,0.9974539
0.03399859,0.08333579,-0.002844857,0.9959373,0.0342597,0.06252535,-0.00214757,0.9974529
0.03404298,0.07745615,-0.002646336,0.9964109,0.03426472,0.05848283,-0.002008521,0.9976982
0.0339891,0.07745227,-0.002642009,0.9964131,0.03421061,0.05846614,-0.002004771,0.9977012
0.0339891,0.07745227,-0.002642009,0.9964131,0.0342106,0.05846613,-0.00200477,0.997701
0.03648122,0.07935201,-0.002905973,0.9961747,0.03674627,0.0584878,-0.002154358,0.9976093
0.03648121,0.07935201,-0.002905975,0.9961746,0.03674627,0.0584878,-0.002154359,0.9976093
0.03410838,0.07948893,-0.002721448,0.9962484,0.03435744,0.05855902,-0.002016594,0.9976906
0.03408103,0.08334202,-0.002851978,0.9959341,0.03434293,0.06251879,-0.002152566,0.9974505
0.03403239,0.08334646,-0.002846784,0.9959354,0.03429442,0.06252328,-0.002146359,0.9974518
0.03410868,0.08709972,-0.003034546,0.9956109,0.0343591,0.06837223,-0.002407208,0.9970652
0.03409727,0.08707129,-0.002981973,0.995614,0.03434865,0.06834378,-0.002354421,0.9970678
0.03910765,0.08336081,-0.003273971,0.9957464,0.0394076,0.06257782,-0.002472821,0.9972587
0.03910765,0.0833608,-0.003273972,0.9957464,0.03940761,0.06257783,-0.002472822,0.9972587
0.03910586,0.0834691,-0.003278103,0.9957374,0.03938206,0.06460704,-0.002551681,0.9971302
0.0315259,0.08113941,-0.002567749,0.9962007,0.03173612,0.0628217,-0.001998678,0.9975181
0.03152591,0.08113942,-0.002567749,0.9962009,0.03173613,0.0628217,-0.001998678,0.9975181
0.03153025,0.07990927,-0.002528915,0.9963003,0.03172495,0.06278961,-0.001996949,0.9975205
0.03153025,0.07990925,-0.002528916,0.9963002,0.03172495,0.0627896,-0.001996949,0.9975205
0.03401313,0.07988439,-0.002727428,0.9962199,0.03424672,0.0605325,-0.002078077,0.9975764
0.03902996,0.07932271,-0.003108147,0.9960797,0.03931361,0.05843421,-0.002302985,0.9975141
0.03902996,0.07932271,-0.003108146,0.9960797,0.03931362,0.05843422,-0.002302986,0.9975142
0.03399868,0.08332954,-0.00284465,0.9959378,0.03428042,0.06057162,-0.002081472,0.9975728
0.03405216,0.0792397,-0.002708386,0.9962702,0.0342992,0.05837793,-0.002006925,0.9977032
0.03405216,0.07923971,-0.002708386,0.9962702,0.0342992,0.05837792,-0.002006926,0.9977031
0.02893289,0.07962485,-0.002312094,0.9964023,0.02912766,0.06064202,-0.001770373,0.997733
0.02893288,0.07962484,-0.002312094,0.9964023,0.02912765,0.06064202,-0.001770373,0.997733
0.02893288,0.07962484,-0.002312094,0.9964023,0.02912766,0.06064201,-0.001770374,0.997733
0.03652452,0.08325225,-0.003053407,0.9958543,0.03680436,0.06246436,-0.002305034,0.9973657
0.03652452,0.08325224,-0.003053406,0.9958543,0.03680436,0.06246436,-0.002305034,0.9973657
0.03652452,0.08325224,-0.003053406,0.9958542,0.03680437,0.06246436,-0.002305034,0.9973657
0.03652452,0.08325224,-0.003053406,0.9958543,0.03680436,0.06246435,-0.002305034,0.9973657
0.03908535,0.08510844,-0.003341197,0.9955992,0.03939249,0.06432615,-0.002541215,0.997148
0.03908536,0.08510846,-0.003341198,0.9955993,0.03939249,0.06432616,-0.002541215,0.997148
0.03908536,0.08510845,-0.003341199,0.9955993,0.03939249,0.06432614,-0.002541215,0.9971479
0.03393583,0.07572605,-0.00257873,0.9965478,0.03415184,0.05668041,-0.001939998,0.9978063
0.03393583,0.07572605,-0.002578729,0.9965478,0.03415184,0.05668041,-0.001939996,0.9978063
0.03130795,0.07365338,-0.002313363,0.9967896,0.03148419,0.05651329,-0.001783012,0.9979036
0.03130795,0.07365338,-0.002313363,0.9967897,0.03148419,0.0565133,-0.001783013,0.9979037
0.03127892,0.07358786,-0.002309148,0.9967955,0.03150354,0.05069018,-0.001599773,0.9982162
0.03127686,0.07376397,-0.002314552,0.9967824,0.03150353,0.05069065,-0.001599788,0.9982162
0.03127687,0.07376398,-0.002314553,0.9967825,0.03150354,0.05069065,-0.001599788,0.9982163
0.03652872,0.07731969,-0.002826709,0.9963329,0.03676602,0.0583588,-0.002142802,0.9976161
0.03652516,0.07729343,-0.00283354,0.996335,0.0367623,0.05833252,-0.002149558,0.9976178
0.0364971,0.07938375,-0.002908411,0.9961715,0.03676271,0.05849073,-0.002155434,0.9976084
0.03647087,0.08138004,-0.002979888,0.9960113,0.03676522,0.05857025,-0.002158521,0.9976039
0.03647088,0.08138004,-0.002979889,0.9960113,0.03676521,0.05857025,-0.002158521,0.9976038
0.06078748,0.08124293,-0.004964236,0.9948265,0.06127387,0.05851908,-0.003598654,0.9963975
0.06137969,0.03819436,-0.002350514,0.9973807,0.06157864,0.0126267,-0.000779076,0.998022
0.0613797,0.03819436,-0.002350515,0.9973807,0.06157863,0.01262671,-0.0007790766,0.9980221
0.0613797,0.03819436,-0.002350515,0.9973807,0.06157864,0.0126267,-0.0007790768,0.9980221
0.04345598,0.02687099,-0.001169234,0.9986932,0.0435335,0.002781241,-0.0001211928,0.9990481
0.04345599,0.026871,-0.001169233,0.9986933,0.0435335,0.002781233,-0.000121193,0.9990481
0.05718131,0.04325149,-0.002479566,0.9974234,0.05740135,0.01817841,-0.001045362,0.9981852
0.05718132,0.0432515,-0.002479567,0.9974235,0.05740134,0.01817841,-0.001045362,0.9981852
0.08684476,0.06610982,-0.005775895,0.9940091,0.08741519,0.0416888,-0.003661471,0.9952925
0.08684477,0.06610982,-0.005775895,0.9940091,0.08741519,0.0416888,-0.003661471,0.9952925
0.08694859,0.06625598,-0.005795693,0.9939902,0.08745722,0.04522244,-0.003974371,0.9951334
0.08704877,0.06635304,-0.005810963,0.9939749,0.08756014,0.04525608,-0.003982049,0.9951227
0.08704878,0.06635304,-0.005810963,0.9939749,0.08756014,0.04525608,-0.00398205,0.9951228
0.08597592,0.07206241,-0.006235112,0.9936682,0.08655953,0.04976974,-0.004329723,0.9949933
0.0859759,0.0720624,-0.006235111,0.9936681,0.08655953,0.04976973,-0.004329722,0.9949933
0.08204389,0.07625391,-0.006295911,0.9936873,0.08255861,0.05752866,-0.004773771,0.994913
0.08204389,0.07625391,-0.006295911,0.9936873,0.08255862,0.05752867,-0.004773771,0.994913
0.07675641,0.0823527,-0.006361667,0.9936227,0.07732598,0.0618712,-0.004807941,0.9950727
0.06438772,0.07880379,-0.005100542,0.9947956,0.06481036,0.06000559,-0.003904272,0.9960843
0.06438772,0.07880379,-0.005100542,0.9947955,0.06481036,0.06000559,-0.003904272,0.9960842
0.05923474,0.07869752,-0.004634548,0.9951264,0.05962558,0.05985463,-0.003530554,0.9964185
0.05926543,0.07875931,-0.004690598,0.9951195,0.05965535,0.05991645,-0.003587205,0.9964128
0.05671647,0.07860025,-0.004479063,0.9952814,0.0571182,0.05801851,-0.003324969,0.9966746
0.05421713,0.0786912,-0.004286064,0.9954144,0.05460331,0.05801648,-0.003178009,0.9968162
0.05421713,0.0786912,-0.004286064,0.9954144,0.0546033,0.05801647,-0.003178009,0.9968162
0.05430049,0.07471135,-0.004074312,0.9957173,0.05466548,0.0539569,-0.002958332,0.9970414
0.05430048,0.07471135,-0.004074312,0.9957173,0.05466547,0.05395689,-0.002958332,0.9970413
0.06048469,0.07839458,-0.004765144,0.9950744,0.06087012,0.0601167,-0.003672802,0.9963269
0.06048628,0.07839783,-0.004751427,0.9950741,0.06087196,0.06011996,-0.003659119,0.9963267
0.06057194,0.07464803,-0.004542661,0.9953583,0.06097608,0.05402536,-0.003305259,0.9966705
0.05168313,0.07312699,-0.003794704,0.9959754,0.05196872,0.05614045,-0.002926135,0.9970651
0.05165655,0.07311279,-0.003792006,0.9959779,0.05196988,0.05417824,-0.002823616,0.9971739
0.05165655,0.0731128,-0.003792007,0.995978,0.05196989,0.05417825,-0.002823617,0.997174
0.05166768,0.07504078,-0.003893405,0.9958334,0.05199007,0.05615351,-0.002928024,0.9970633
0.05166769,0.07504079,-0.003893406,0.9958335,0.05199008,0.05615351,-0.002928024,0.9970633
0.05424397,0.08603723,-0.004691382,0.9948032,0.05470306,0.06365397,-0.003494419,0.9964655
0.05424396,0.08603723,-0.004691381,0.9948031,0.05470306,0.06365397,-0.003494419,0.9964656
0.0541872,0.08841495,-0.004816985,0.994597,0.05466172,0.06597917,-0.003619869,0.9963161
0.0479421,0.08663474,-0.004173997,0.9950773,0.04831952,0.06627429,-0.003213184,0.9966257
0.04794209,0.08663473,-0.004173998,0.9950773,0.04831951,0.06627429,-0.003213183,0.9966257
0.04666107,0.08669147,-0.004064898,0.9951336,0.04703119,0.06617556,-0.003122638,0.9966941
0.04666106,0.08669146,-0.004064898,0.9951335,0.04703118,0.06617554,-0.003122639,0.996694
0.04157224,0.08329456,-0.003477866,0.9956516,0.04189084,0.06250188,-0.002625708,0.997162
0.04157591,0.08308341,-0.003469295,0.995669,0.04189294,0.06234106,-0.002619058,0.9971719
0.04159615,0.08310387,-0.003420687,0.9956666,0.04191422,0.06236155,-0.002570889,0.9971698
0.04667453,0.08312167,-0.003897444,0.9954382,0.04702997,0.06240826,-0.002944074,0.9969377
0.04653078,0.08298904,-0.003860079,0.9954561,0.04688677,0.06227557,-0.002903668,0.9969528
0.04661426,0.08869172,-0.004155245,0.9949591,0.047026,0.06615428,-0.003121285,0.9966957
0.0466242,0.08869338,-0.004156213,0.9949585,0.04703567,0.06618028,-0.00312316,0.9966937
0.0466242,0.08869338,-0.004156212,0.9949585,0.04703568,0.06618028,-0.00312316,0.9966937
0.05166207,0.08447713,-0.00438586,0.9950756,0.05206125,0.06385113,-0.003335526,0.9965951
0.05166207,0.08447713,-0.00438586,0.9950756,0.05206124,0.06385111,-0.003335526,0.996595
0.05423689,0.0844591,-0.004604099,0.9949391,0.05465396,0.06393176,-0.003506571,0.9964505
0.05423689,0.0844591,-0.004604099,0.9949391,0.05465396,0.06393176,-0.003506571,0.9964505
0.05423689,0.0844591,-0.004604098,0.994939,0.05465396,0.06393176,-0.00350657,0.9964504
0.05436968,0.07850353,-0.004287846,0.995421,0.05469091,0.06178756,-0.003390801,0.9965841
0.06179541,0.07089202,-0.004400348,0.9955584,0.06212376,0.05393993,-0.003362369,0.9966042
0.0617954,0.07089203,-0.004400345,0.9955583,0.06212376,0.05393993,-0.003362369,0.9966041
0.06174168,0.07329469,-0.00454631,0.9953869,0.06211691,0.05434705,-0.003387447,0.9965823
0.06174169,0.0732947,-0.004546311,0.995387,0.06211691,0.05434706,-0.003387448,0.9965824
0.05167291,0.0712036,-0.003693645,0.9961156,0.05195052,0.05416584,-0.002821914,0.9971757
0.04912431,0.0731849,-0.003609229,0.9961014,0.04942298,0.05423328,-0.002687625,0.9973009
0.04912431,0.0731849,-0.003609229,0.9961013,0.04942298,0.05423328,-0.002687624,0.9973009
0.05158992,0.07545841,-0.003909289,0.9958059,0.05194309,0.05455127,-0.002841646,0.997155
0.05158991,0.07545841,-0.003909288,0.9958059,0.05194309,0.05455127,-0.002841646,0.9971548
0.05670347,0.08230744,-0.004690659,0.9949815,0.05716059,0.05981768,-0.003430998,0.9965655
0.05674405,0.08231,-0.004708456,0.9949789,0.05720075,0.05982019,-0.003449708,0.9965629
0.05670348,0.08230744,-0.004690659,0.9949815,0.05716059,0.05981768,-0.003430998,0.9965655
0.06178026,0.07874304,-0.004889375,0.9949667,0.06221964,0.05809247,-0.003627684,0.9963638
0.06178026,0.07874304,-0.004889375,0.9949667,0.06221964,0.05809247,-0.003627684,0.9963639
0.06178026,0.07874303,-0.004889374,0.9949667,0.06221963,0.05809246,-0.003627684,0.9963638
0.05680322,0.07463451,-0.00425829,0.9955828,0.05712279,0.05773963,-0.003309202,0.9966906
0.06433981,0.07465066,-0.00482656,0.9951203,0.06470035,0.05781143,-0.003754606,0.9962216
0.07481489,0.07187437,-0.005406527,0.9945891,0.07522279,0.05467808,-0.004130976,0.995658
0.0748149,0.07187437,-0.005406528,0.9945891,0.0752228,0.05467809,-0.004130975,0.995658
0.07522151,0.0547413,-0.004135695,0.9956546,0.07559373,0.03183637,-0.002414774,0.9966276
0.0752215,0.0547413,-0.004135694,0.9956545,0.07559372,0.03183638,-0.002414773,0.9966274
0.04073561,0.02526999,-0.001030573,0.99885,0.04080051,0.0008058719,-3.290733E-05,0.999167
0.04073561,0.02526999,-0.001030573,0.9988499,0.04080051,0.0008058721,-3.290723E-05,0.999167
0.04073561,0.02526999,-0.001030573,0.9988499,0.04080052,0.0008058719,-3.290852E-05,0.999167
0.07215638,0.04556146,-0.003299603,0.9963467,0.07246887,0.01839169,-0.001336567,0.9972002
